Acc X | Acc Y | Acc Z | Mag X | Mag Y | Mag Z | Timestamp | Delta T
0.749042  0.499960  10.669812  73.824806  128.823639  82.830666  1616754944.000000  49
-0.458047  -0.024549  9.776470  76.824806  127.823631  82.830666  1616754944.000000  49
-0.508343  0.152682  9.400452  76.824806  126.823631  85.830666  1616754944.000000  49
0.344284  -0.355062  9.589658  77.824806  126.823631  81.830666  1616754944.000000  49
-0.185015  -0.429307  9.618399  78.824806  127.823631  85.830666  1616754944.000000  49
0.696352  -0.462838  10.092612  77.824806  126.823631  84.830666  1616754944.000000  49
-0.070054  -0.273631  8.820857  76.824806  126.823631  82.830666  1616754944.000000  49
0.622106  -0.218546  10.121352  77.824806  125.823631  82.830666  1616754944.000000  49
0.097597  -0.012574  8.267608  78.824806  124.823631  82.830666  1616754944.000000  49
1.577719  -0.196990  10.061477  78.824806  124.823631  82.830666  1616754944.000000  49
1.067580  -0.685574  10.696157  78.824806  124.823631  79.830666  1616754944.000000  49
0.919089  -0.625699  10.581196  78.824806  124.823631  79.830666  1616754944.000000  49
1.941762  -1.095123  10.892549  75.824806  122.823631  78.830666  1616754944.000000  49
2.219584  -0.625699  11.407478  76.824806  122.823631  77.830666  1616754944.000000  49
2.267485  -0.122745  12.044553  75.824806  124.823631  78.830666  1616754944.000000  49
2.456691  -0.161065  11.879297  76.824806  123.823631  77.830666  1616754944.000000  49
1.611249  0.636476  11.766731  78.824806  126.823631  78.830666  1616754944.000000  49
0.693957  1.189726  11.910432  80.824806  128.823639  79.830666  1616754944.000000  49
0.464035  1.328637  11.103311  83.824806  129.823639  78.830666  1616754944.000000  49
0.255668  0.681982  10.435101  89.824806  138.823639  80.830666  1616754944.000000  49
0.226928  1.117875  9.450747  90.824806  137.823639  82.830666  1616754944.000000  49
-1.636397  0.892744  8.435259  88.824806  140.823639  84.830666  1616754944.000000  49
-2.867437  1.026865  7.829319  92.824806  146.823639  86.830666  1616754944.000000  49
-2.742896  0.926274  7.283255  88.824806  148.823639  86.830666  1616754944.000000  49
-2.381248  0.533491  6.730005  84.824806  144.823639  86.830666  1616754944.000000  49
-3.039879  1.323847  7.261699  86.824806  148.823639  85.830666  1616754944.000000  49
-2.340533  0.902324  6.880891  82.824806  148.823639  86.830666  1616754944.000000  49
-2.481839  1.022075  7.539522  80.824806  147.823639  87.830666  1616754944.000000  49
-2.273472  1.010100  7.707173  82.824806  147.823639  88.830666  1616754944.000000  49
-2.026785  0.344284  7.604187  78.824806  146.823639  86.830666  1616754944.000000  49
-2.120191  -0.022154  7.807764  78.824806  142.823639  86.830666  1616754944.000000  49
-2.409988  -0.089214  8.270002  79.824806  141.823639  87.830666  1616754944.000000  49
-2.139351  0.282014  8.258027  74.824806  139.823639  84.830666  1616754944.000000  49
-1.442400  0.095202  8.811276  74.824806  135.823639  85.830666  1616754944.000000  49
0.212558  1.046025  9.491463  68.824806  130.823639  81.830666  1616754944.000000  49
0.856818  1.582509  9.048384  63.824806  125.823631  78.830666  1616754944.000000  49
0.588576  2.511777  9.707014  62.824806  124.823631  78.830666  1616754944.000000  49
0.595761  2.389631  10.439890  56.824806  120.823631  73.830666  1616754944.000000  49
1.958527  2.049538  10.162067  51.824806  114.823631  70.830666  1616754944.000000  49
2.775229  2.114203  10.336905  44.824806  112.823631  63.830666  1616754944.000000  49
3.831433  1.865121  10.791958  39.824806  109.823631  59.830666  1616754944.000000  49
4.703219  0.595761  11.558364  30.824804  106.823631  59.830666  1616754944.000000  49
4.911586  0.710722  11.280542  25.824804  107.823631  56.830666  1616754944.000000  49
5.414540  0.813708  11.910432  19.824804  111.823631  53.830666  1616754944.000000  49
5.060078  0.667612  11.254197  10.824804  110.823631  49.830666  1616754944.000000  49
4.123625  0.545466  11.917617  10.824804  110.823631  49.830666  1616754944.000000  49
3.184777  0.198188  11.457773  6.824805  122.823631  49.830666  1616754944.000000  49
2.248325  0.875978  11.191926  5.824805  122.823631  49.830666  1616754944.000000  49
2.789599  -0.005389  10.408755  2.824805  124.823631  47.830666  1616754944.000000  49
1.685495  0.246088  10.574011  4.824805  131.823639  49.830666  1616754944.000000  49
1.211281  -0.185015  8.923842  2.824805  132.823639  52.830666  1616754944.000000  49
1.275947  0.499960  9.450747  7.824805  132.823639  54.830666  1616754944.000000  49
1.910627  0.310754  7.783813  4.824805  132.823639  54.830666  1616754944.000000  49
0.131127  1.824406  6.854546  5.824805  130.823639  59.830666  1616754944.000000  49
-0.802930  1.491498  6.452183  15.824804  137.823639  65.830666  1616754944.000000  49
-0.860411  1.462758  6.416257  21.824804  137.823639  71.830666  1616754944.000000  49
-0.994532  0.897534  7.175478  27.824804  135.823639  75.830666  1616754944.000000  49
-0.980162  1.151406  7.355105  35.824806  137.823639  76.830666  1616754944.000000  49
-0.726290  1.558559  6.840176  40.824806  137.823639  78.830666  1616754944.000000  49
-0.053289  1.719025  7.371870  43.824806  134.823639  80.830666  1616754944.000000  49
0.660427  1.992057  7.460486  49.824806  134.823639  81.830666  1616754944.000000  49
0.955014  1.908232  8.023315  52.824806  132.823639  81.830666  1616754944.000000  49
1.970502  1.889072  7.795789  58.824806  132.823639  83.830666  1616754944.000000  49
1.999243  2.049538  9.352551  61.824806  132.823639  82.830666  1616754944.000000  49
2.315385  1.678310  9.635163  65.824806  135.823639  82.830666  1616754944.000000  49
3.532055  1.886677  9.730965  67.824806  132.823639  82.830666  1616754944.000000  51
3.912863  2.521357  10.447075  70.824806  132.823639  82.830666  1616754944.000000  49
4.365522  3.189567  11.421848  73.824806  133.823639  81.830666  1616754944.000000  49
4.686454  2.892585  11.635005  76.824806  134.823639  83.830666  1616754944.000000  49
4.902006  2.332150  11.527229  79.824806  135.823639  81.830666  1616754944.000000  49
4.602629  1.889072  11.539204  83.824806  136.823639  85.830666  1616754944.000000  49
4.236191  2.332150  11.654165  82.824806  143.823639  86.830666  1616754944.000000  49
3.266208  2.911745  11.761941  86.824806  147.823639  90.830666  1616754944.000000  49
2.013613  2.844684  10.526111  87.824806  155.823639  88.830666  1616754944.000000  49
0.064067  2.935695  10.293794  89.824806  162.823639  92.830666  1616754944.000000  49
-0.644859  1.457968  8.337063  84.824806  163.823639  93.830666  1616754944.000000  68
-1.150208  1.450783  8.483159  91.824806  168.823639  93.830666  1616754944.000000  49
-1.425635  1.256786  7.292834  87.824806  172.823639  93.830666  1616754944.000000  49
-2.347718  1.390908  7.333550  85.824806  172.823639  92.830666  1616754944.000000  49
-2.218387  0.787363  7.022197  87.824806  175.823639  94.830666  1616754944.000000  49
-2.548900  1.199306  7.503596  87.824806  174.823639  94.830666  1616754944.000000  49
-3.128494  1.465153  8.018525  88.824806  173.823639  93.830666  1616754944.000000  74
-2.096241  0.540676  7.273674  88.824806  174.823639  93.830666  1616754944.000000  50
-1.736988  0.966989  7.755073  88.824806  169.823639  94.830666  1616754944.000000  49
-1.018482  0.780178  7.982600  88.824806  164.823639  91.830666  1616754944.000000  49
-0.927471  1.297502  8.887918  86.824806  165.823639  92.830666  1616754944.000000  49
0.059277  0.849633  9.498648  87.824806  157.823639  91.830666  1616754944.000000  49
1.251997  1.261577  10.174043  85.824806  155.823639  88.830666  1616754944.000000  49
2.099833  1.062790  10.370435  85.824806  155.823639  88.830666  1616754944.000000  49
1.307082  1.359772  10.619516  81.824806  148.823639  88.830666  1616754944.000000  49
1.865121  0.679587  9.951306  79.824806  143.823639  89.830666  1616754944.000000  49
2.629133  0.844843  9.865086  74.824806  138.823639  86.830666  1616754944.000000  49
2.449506  0.495170  9.778865  70.824806  134.823639  83.830666  1616754944.000000  49
3.139272  0.650847  9.630374  60.824806  126.823631  80.830666  1616754944.000000  49
3.297343  0.729882  9.910591  52.824806  123.823631  75.830666  1616754944.000000  49
4.638554  0.720302  10.380014  44.824806  121.823631  74.830666  1616754944.000000  49
3.793112  0.399370  10.650652  32.824806  117.823631  70.830666  1616754944.000000  49
2.741699  0.916694  10.641071  32.824806  117.823631  70.830666  1616754944.000000  49
3.194357  0.983754  10.550061  23.824804  122.823631  65.830666  1616754944.000000  49
3.378774  0.380209  10.509346  16.824804  118.823631  60.830666  1616754944.000000  49
1.788481  0.090412  10.368039  15.824804  121.823631  58.830666  1616754944.000000  49
1.810036  -0.014969  11.177556  14.824804  124.823631  55.830666  1616754944.000000  49
3.230283  -2.280657  10.933264  6.824805  121.823631  51.830666  1616754944.000000  49
1.259181  0.490380  9.843531  8.824804  122.823631  52.830666  1616754944.000000  49
0.052092  0.768203  9.704619  6.824805  128.823639  49.830666  1616754944.000000  49
0.368234  0.681982  9.357342  5.824805  126.823631  48.830666  1616754944.000000  49
0.095202  1.448388  9.309441  6.824805  125.823631  48.830666  1616754944.000000  49
0.155078  1.690285  9.153765  11.824804  126.823631  50.830666  1616754944.000000  49
0.955014  1.182541  7.853269  12.824804  123.823631  55.830666  1616754944.000000  49
1.060395  1.295107  7.915540  15.824804  122.823631  58.830666  1616754944.000000  49
0.751437  2.133364  7.822134  21.824804  123.823631  62.830666  1616754944.000000  49
0.787363  1.972897  7.805368  27.824804  123.823631  64.830666  1616754944.000000  49
1.149011  1.460363  8.040081  32.824806  118.823631  71.830666  1616754944.000000  49
1.836381  1.647175  8.595725  41.824806  119.823631  71.830666  1616754944.000000  49
2.629133  1.735790  9.340576  44.824806  117.823631  73.830666  1616754944.000000  49
3.112927  2.418371  9.747729  49.824806  116.823631  73.830666  1616754944.000000  49
4.068540  3.132087  10.820698  49.824806  116.823631  73.830666  1616754944.000000  49
5.043313  3.560795  10.289004  64.824806  122.823631  78.830666  1616754944.000000  49
5.467231  3.750002  11.177556  71.824806  124.823631  79.830666  1616754944.000000  49
4.652924  3.654201  10.729688  76.824806  130.823639  81.830666  1616754944.000000  49
3.826643  4.068540  10.926079  79.824806  137.823639  86.830666  1616754944.000000  49
2.320175  5.026547  11.579920  82.824806  142.823639  85.830666  1616754944.000000  54
2.032773  5.419331  10.403965  82.824806  147.823639  89.830666  1616754944.000000  49
1.692680  4.523593  9.627978  86.824806  154.823639  87.830666  1616754944.000000  49
0.763412  3.139272  7.644902  82.824806  153.823639  90.830666  1616754944.000000  49
-1.375340  3.100951  7.556287  82.824806  153.823639  90.830666  1616754944.000000  49
-2.663861  1.901047  6.217471  83.824806  164.823639  90.830666  1616754944.000000  49
-3.849395  2.372866  6.947952  86.824806  166.823639  93.830666  1616754944.000000  54
-2.953658  1.347797  6.224656  83.824806  166.823639  95.830666  1616754944.000000  49
-3.447032  0.384999  6.468948  81.824806  165.823639  92.830666  1616754944.000000  49
-3.030298  -0.544268  6.128855  83.824806  164.823639  92.830666  1616754944.000000  49
-3.444637  -0.620909  6.492898  83.824806  158.823639  92.830666  1616754944.000000  49
-3.492537  -0.089214  7.841294  80.824806  155.823639  88.830666  1616754944.000000  49
-1.923799  -1.310674  6.981482  81.824806  154.823639  90.830666  1616754944.000000  65
-2.493814  0.260458  9.057964  81.824806  154.823639  90.830666  1616754944.000000  49
-0.570613  -0.429307  9.352551  70.824806  139.823639  86.830666  1616754944.000000  49
-0.450862  0.250878  9.824370  69.824806  134.823639  80.830666  1616754944.000000  49
-0.709525  -0.661624  10.363250  65.824806  130.823639  79.830666  1616754944.000000  49
0.919089  -1.334625  10.856624  61.824806  125.823631  76.830666  1616754944.000000  49
2.183659  -1.698668  11.005115  54.824806  116.823631  73.830666  1616754944.000000  49
2.978806  -1.384920  12.075688  53.824806  113.823631  68.830666  1616754944.000000  49
1.891467  -1.358575  12.022998  50.824806  110.823631  67.830666  1616754944.000000  53
2.186054  -1.399290  10.952424  51.824806  111.823631  66.830666  1616754944.000000  49
1.628015  -1.981280  12.125984  52.824806  110.823631  65.830666  1616754944.000000  49
2.712958  -2.321373  11.187137  50.824806  106.823631  63.830666  1616754944.000000  49
2.483037  -1.499881  11.467354  52.824806  105.823631  62.830666  1616754944.000000  49
3.385959  -1.432820  11.814631  59.824806  106.823631  62.830666  1616754944.000000  49
3.165617  -1.425635  10.863809  64.824806  107.823631  62.830666  1616754944.000000  49
2.679428  -0.594564  11.055410  66.824806  108.823631  63.830666  1616754944.000000  49
2.545307  -0.582588  11.225456  74.824806  113.823631  65.830666  1616754944.000000  49
2.995571  -0.074844  10.899734  81.824806  116.823631  67.830666  1616754944.000000  49
3.316503  0.909509  11.532019  87.824806  121.823631  70.830666  1616754944.000000  49
2.835104  1.290317  10.981165  92.824806  125.823631  71.830666  1616754944.000000  49
3.148852  1.474733  10.859018  91.824806  128.823639  74.830666  1616754944.000000  49
2.178869  1.503474  9.762099  95.824806  134.823639  76.830666  1616754944.000000  49
1.232836  1.893862  9.668694  95.824806  140.823639  80.830666  1616754944.000000  49
0.672402  1.481918  9.041199  97.824806  144.823639  81.830666  1616754944.000000  49
-0.280816  1.184936  8.756191  96.824806  149.823639  83.830666  1616754944.000000  49
-1.154998  0.713117  8.334668  94.824806  153.823639  84.830666  1616754944.000000  49
-1.751358  0.758622  8.265212  91.824806  154.823639  87.830666  1616754944.000000  49
-2.479444  0.943039  8.507110  92.824806  156.823639  87.830666  1616754944.000000  49
-2.213597  0.562231  8.509504  90.824806  154.823639  89.830666  1616754944.000000  49
-2.467469  0.200583  8.538244  87.824806  151.823639  89.830666  1616754944.000000  49
-2.093846  0.023351  8.423284  87.824806  151.823639  89.830666  1616754944.000000  49
-2.199227  0.186213  9.005274  79.824806  146.823639  86.830666  1616754944.000000  49
-1.150208  -0.788560  8.583750  75.824806  143.823639  86.830666  1616754944.000000  49
-0.474813  -1.001717  8.466394  72.824806  137.823639  85.830666  1616754944.000000  49
-0.855621  -0.628094  9.347761  68.824806  132.823639  84.830666  1616754944.000000  49
