Acc X | Acc Y | Acc Z | Mag X | Mag Y | Mag Z | Timestamp | Delta T
-0.293989  0.113763  10.082434  86.824806  180.823639  117.830666  1616756096.000000  49
-0.327519  0.144899  10.099198  89.824806  179.823639  117.830666  1616756096.000000  49
-0.310754  0.123344  10.125544  89.824806  178.823639  118.830666  1616756096.000000  49
-0.332309  0.156874  10.113568  88.824806  179.823639  117.830666  1616756096.000000  49
-0.291594  0.132924  10.115964  90.824806  178.823639  116.830666  1616756096.000000  49
-0.315544  0.135319  10.089619  90.824806  179.823639  119.830666  1616756096.000000  49
-0.282014  0.135319  10.041718  88.824806  180.823639  116.830666  1616756096.000000  49
-0.325124  0.168849  10.106383  88.824806  177.823639  118.830666  1616756096.000000  49
-0.310754  0.173639  10.089619  89.824806  178.823639  116.830666  1616756096.000000  49
-0.305964  0.111368  10.113568  91.824806  178.823639  118.830666  1616756096.000000  49
-0.301174  0.132924  10.096804  88.824806  179.823639  117.830666  1616756096.000000  49
-0.334704  0.113763  10.053693  88.824806  180.823639  116.830666  1616756096.000000  49
-0.320334  0.118553  10.094409  90.824806  179.823639  117.830666  1616756096.000000  49
-0.291594  0.161664  10.077643  89.824806  179.823639  118.830666  1616756096.000000  49
-0.317939  0.140109  10.087223  89.824806  179.823639  117.830666  1616756096.000000  49
-0.341889  0.135319  10.044113  89.824806  179.823639  118.830666  1616756096.000000  49
-0.296384  0.135319  10.111174  88.824806  180.823639  117.830666  1616756096.000000  49
-0.327519  0.135319  10.111174  88.824806  179.823639  118.830666  1616756096.000000  49
-0.315544  0.106578  10.103989  89.824806  178.823639  117.830666  1616756096.000000  49
-0.308359  0.156874  10.036928  89.824806  178.823639  118.830666  1616756096.000000  49
-0.308359  0.135319  10.056088  88.824806  180.823639  117.830666  1616756096.000000  49
-0.301174  0.159269  10.077643  88.824806  178.823639  118.830666  1616756096.000000  49
-0.353864  0.144899  10.094409  87.824806  179.823639  118.830666  1616756096.000000  49
-0.301174  0.149689  10.080038  88.824806  177.823639  117.830666  1616756096.000000  49
-0.272433  0.123344  10.118359  87.824806  177.823639  117.830666  1616756096.000000  49
-0.303569  0.120948  10.068064  86.824806  178.823639  116.830666  1616756096.000000  49
-0.282014  0.159269  10.144704  88.824806  178.823639  117.830666  1616756096.000000  49
-0.327519  0.152084  10.087223  88.824806  178.823639  119.830666  1616756096.000000  49
-0.401765  0.123344  9.912387  89.824806  180.823639  121.830666  1616756096.000000  49
-0.404160  0.101788  10.084828  88.824806  181.823639  119.830666  1616756096.000000  49
-0.356259  0.219144  10.087223  88.824806  179.823639  120.830666  1616756096.000000  49
-0.305964  0.135319  10.063273  87.824806  180.823639  120.830666  1616756096.000000  49
-0.258063  0.120948  10.056088  87.824806  181.823639  121.830666  1616756096.000000  49
-0.298779  0.147294  10.068064  86.824806  179.823639  119.830666  1616756096.000000  49
-0.308359  0.101788  10.082434  87.824806  180.823639  121.830666  1616756096.000000  49
-0.346679  0.137714  10.087223  90.824806  182.823639  120.830666  1616756096.000000  49
-0.320334  0.197589  10.082434  88.824806  182.823639  122.830666  1616756096.000000  49
-0.308359  0.128134  10.060879  89.824806  181.823639  120.830666  1616756096.000000  49
-0.267643  0.111368  10.024953  87.824806  180.823639  121.830666  1616756096.000000  49
-0.334704  0.123344  10.044113  87.824806  182.823639  118.830666  1616756096.000000  49
-0.313149  0.116158  10.082434  86.824806  181.823639  120.830666  1616756096.000000  49
-0.298779  0.154479  10.108779  90.824806  181.823639  118.830666  1616756096.000000  49
-0.327519  0.113763  10.046508  87.824806  181.823639  120.830666  1616756096.000000  49
-0.277223  0.135319  10.072853  88.824806  180.823639  119.830666  1616756096.000000  49
-0.296384  0.159269  10.063273  88.824806  181.823639  119.830666  1616756096.000000  49
-0.303569  0.130529  10.087223  88.824806  181.823639  120.830666  1616756096.000000  49
-0.291594  0.154479  10.058483  87.824806  181.823639  119.830666  1616756096.000000  53
-0.329914  0.118553  10.024953  87.824806  179.823639  121.830666  1616756096.000000  49
-0.205373  0.180824  10.046508  88.824806  181.823639  121.830666  1616756096.000000  49
-0.272433  0.108973  10.063273  87.824806  181.823639  123.830666  1616756096.000000  49
-0.289199  0.111368  10.075249  89.824806  180.823639  122.830666  1616756096.000000  49
-0.313149  0.154479  10.096804  91.824806  184.823639  122.830666  1616756096.000000  49
-0.305964  0.118553  10.072853  89.824806  181.823639  123.830666  1616756096.000000  49
-0.303569  0.161664  10.046508  87.824806  183.823639  123.830666  1616756096.000000  49
-0.308359  0.159269  10.046508  89.824806  180.823639  123.830666  1616756096.000000  49
-0.313149  0.197589  10.101594  90.824806  181.823639  122.830666  1616756096.000000  49
-0.308359  0.144899  10.077643  90.824806  181.823639  122.830666  1616756096.000000  49
-0.298779  0.132924  10.063273  87.824806  181.823639  122.830666  1616756096.000000  49
-0.298779  0.123344  10.036928  91.824806  182.823639  122.830666  1616756096.000000  49
-0.301174  0.149689  10.118359  90.824806  180.823639  122.830666  1616756096.000000  49
-0.303569  0.113763  10.080038  89.824806  181.823639  121.830666  1616756096.000000  49
-0.313149  0.154479  10.048903  89.824806  181.823639  121.830666  1616756096.000000  49
-0.329914  0.125739  10.070458  87.824806  181.823639  123.830666  1616756096.000000  49
-0.521515  -0.710123  10.092013  88.824806  180.823639  126.830666  1616756096.000000  189
-0.993334  -0.786764  10.228530  89.824806  -231.176361  -1.169336  1616756096.000000  49
-0.916694  -0.214354  11.141032  89.824806  182.823639  118.830666  1616756096.000000  49
-0.174238  -0.592767  10.585387  86.824806  178.823639  115.830666  1616756096.000000  49
-0.818498  0.235909  10.585387  87.824806  181.823639  118.830666  1616756096.000000  49
-0.739462  0.238304  10.709929  88.824806  179.823639  114.830666  1616756096.000000  49
-0.521515  0.216749  9.929152  90.824806  178.823639  115.830666  1616756096.000000  49
-0.538281  0.159269  10.171049  87.824806  179.823639  115.830666  1616756096.000000  49
-0.523911  -0.678988  9.414223  84.824806  179.823639  114.830666  1616756096.000000  49
0.139510  0.195194  9.459728  85.824806  174.823639  113.830666  1616756096.000000  49
-0.413740  0.283810  10.089619  87.824806  176.823639  115.830666  1616756096.000000  49
-0.521515  0.870590  9.605824  84.824806  179.823639  113.830666  1616756096.000000  49
-0.274828  0.537682  9.680070  83.824806  178.823639  115.830666  1616756096.000000  49
-0.222138  0.183219  9.399853  87.824806  177.823639  115.830666  1616756096.000000  49
-0.753832  -0.046703  9.325607  81.824806  173.823639  113.830666  1616756096.000000  49
-0.564626  0.587977  9.713600  83.824806  171.823639  111.830666  1616756096.000000  49
-0.499960  -0.561632  11.409274  84.824806  173.823639  118.830666  1616756096.000000  49
-1.711840  -0.113763  9.826166  84.824806  172.823639  117.830666  1616756096.000000  51
-0.789758  -0.010778  10.559042  83.824806  172.823639  114.830666  1616756096.000000  49
-0.519120  0.391586  11.196117  86.824806  173.823639  115.830666  1616756096.000000  49
-0.373024  0.070653  8.947194  84.824806  175.823639  114.830666  1616756096.000000  49
0.017364  0.290995  11.157797  80.824806  173.823639  112.830666  1616756096.000000  49
0.362247  0.518522  10.937455  86.824806  171.823639  113.830666  1616756096.000000  49
-0.329914  -0.741259  9.727970  -215.175201  -1.176367  -1.169336  1616756096.000000  49
0.038919  0.264650  9.524394  86.824806  172.823639  114.830666  1616756096.000000  49
-0.832868  0.185614  9.550739  81.824806  170.823639  113.830666  1616756096.000000  49
0.170645  0.647853  10.001003  85.824806  168.823639  113.830666  1616756096.000000  49
0.077239  1.181942  10.975776  -167.175201  -1.176367  -1.169336  1616756096.000000  49
-0.030536  -0.494572  9.747130  84.824806  171.823639  115.830666  1616756096.000000  49
-0.964594  -0.889750  7.694599  80.824806  168.823639  116.830666  1616756096.000000  67
0.041314  0.762814  11.241623  82.824806  168.823639  113.830666  1616756096.000000  49
-1.273552  -1.268163  9.548344  80.824806  169.823639  117.830666  1616756096.000000  49
0.568218  -0.015568  11.026072  -1.175195  -1.176367  -1.169336  1616756096.000000  49
-1.235231  0.662223  11.109897  82.824806  168.823639  113.830666  1616756096.000000  49
-0.660427  -0.492177  9.627379  82.824806  168.823639  113.830666  1616756096.000000  49
0.041314  2.324367  14.733562  82.824806  168.823639  113.830666  1616756096.000000  49
-1.297502  0.540077  9.598639  82.824806  168.823639  113.830666  1616756096.000000  52
-0.030536  -0.410746  8.082592  82.824806  168.823639  -129.169342  1616756096.000000  49
1.933380  -1.122067  10.424921  82.824806  168.823639  113.830666  1616756096.000000  49
0.592169  1.280138  11.701467  82.824806  168.823639  -135.169342  1616756096.000000  49
-0.842448  -1.275348  8.278984  82.824806  168.823639  113.830666  1616756096.000000  49
-1.180146  -1.064586  8.080197  82.824806  168.823639  113.830666  1616756096.000000  49
1.622027  -0.877775  11.164982  82.824806  168.823639  113.830666  1616756096.000000  49
1.305884  -0.231119  12.120595  82.824806  168.823639  113.830666  1616756096.000000  49
-0.243693  -0.628693  11.806848  82.824806  168.823639  113.830666  1616756096.000000  49
-0.449665  1.181942  11.174562  82.824806  168.823639  113.830666  1616756096.000000  49
0.517923  -0.123344  9.059760  82.824806  168.823639  -129.169342  1616756096.000000  49
-0.135917  -1.069376  7.143744  82.824806  168.823639  113.830666  1616756096.000000  49
-0.756227  -0.619113  7.773634  82.824806  168.823639  113.830666  1616756096.000000  49
0.000599  -0.997526  12.199631  82.824806  168.823639  113.830666  1616756096.000000  49
0.029339  -0.599952  10.089619  82.824806  168.823639  113.830666  1616756096.000000  49
0.477208  -1.040636  10.199789  82.824806  -88.176369  -1.169336  1616756096.000000  49
-0.931064  -1.184337  8.604707  82.824806  168.823639  113.830666  1616756096.000000  49
0.755030  0.168849  9.339977  82.824806  168.823639  113.830666  1616756096.000000  49
-0.847238  -0.449066  7.536528  82.824806  168.823639  113.830666  1616756096.000000  49
1.293909  -0.758024  11.617641  82.824806  168.823639  32539.830078  1616756096.000000  49
0.323926  0.750839  7.694599  82.824806  168.823639  113.830666  1616756096.000000  52
0.182620  -0.619113  9.818981  153.824799  82.823631  168.830658  1616756096.000000  49
0.419727  0.839454  6.542594  82.824806  -150.176361  -1.169336  1616756096.000000  49
0.192200  0.777184  10.202185  -175.175201  -1.176367  -1.169336  1616756096.000000  49
2.421963  2.116000  7.330556  82.824806  22439.824219  -1.169336  1616756096.000000  49
-0.749042  -2.274071  8.801098  82.824806  168.823639  113.830666  1616756096.000000  49
0.060474  1.754352  10.573413  82.824806  168.823639  113.830666  1616756096.000000  59
1.011297  -0.810714  8.087382  82.824806  168.823639  113.830666  1616756096.000000  50
0.570613  -0.319735  6.549780  82.824806  168.823639  113.830666  1616756096.000000  49
0.254471  -1.620231  7.752079  82.824806  168.823639  113.830666  1616756096.000000  49
-0.610131  -0.619113  7.301816  82.824806  168.823639  113.830666  1616756096.000000  49
0.390987  -0.693358  9.086105  82.824806  168.823639  113.830666  1616756096.000000  99
0.764610  -0.959205  10.252480  82.824806  168.823639  113.830666  1616756096.000000  49
0.450862  0.386796  11.138638  82.824806  168.823639  113.830666  1616756096.000000  80
0.156275  -0.777184  8.094567  82.824806  168.823639  -129.169342  1616756096.000000  49
-0.332309  -0.561632  7.737710  -4013.175293  8244.823242  -129.169342  1616756096.000000  49
-1.388513  -0.748444  10.647658  82.824806  168.823639  113.830666  1616756096.000000  49
-0.887954  1.632206  8.432265  82.824806  168.823639  113.830666  1616756096.000000  56
-0.780178  0.245490  9.653725  82.824806  -1.176367  -1.169336  1616756096.000000  49
-0.552651  -0.425116  11.703861  82.824806  168.823639  113.830666  1616756096.000000  49
-0.631686  -0.556842  13.121714  82.824806  168.823639  113.830666  1616756096.000000  50
0.271236  0.552052  10.240505  82.824806  168.823639  -135.169342  1616756096.000000  49
0.122745  -0.753234  11.483520  82.824806  168.823639  -1.169336  1616756096.000000  49
0.649649  -0.135319  10.685978  82.824806  168.823639  113.830666  1616756096.000000  49
-0.852028  0.360450  10.812915  82.824806  168.823639  113.830666  1616756096.000000  49
-0.689167  0.329315  9.689651  82.824806  168.823639  113.830666  1616756096.000000  49
0.168250  -1.062191  8.245454  82.824806  168.823639  113.830666  1616756096.000000  49
1.164578  -0.554447  9.586664  82.824806  168.823639  113.830666  1616756096.000000  49
0.604144  -0.111368  12.479848  82.824806  168.823639  113.830666  1616756096.000000  49
0.256866  -0.796344  8.336464  -175.175201  -1.176367  -1.169336  1616756096.000000  49
-4.605024  -1.402284  9.893227  82.824806  168.823639  113.830666  1616756096.000000  49
0.556243  -0.068258  5.819299  82.824806  168.823639  113.830666  1616756096.000000  49
0.434097  -0.228724  9.730366  82.824806  168.823639  113.830666  1616756096.000000  49
0.379012  -1.004711  9.205856  -212.175201  -1.176367  -1.169336  1616756096.000000  49
-0.071252  0.099393  12.865446  82.824806  168.823639  -1.169336  1616756096.000000  49
-0.998124  0.427511  8.607101  82.824806  168.823639  113.830666  1616756096.000000  49
-2.336940  1.095721  9.318422  82.824806  168.823639  113.830666  1616756096.000000  49
-2.705773  -0.516127  10.099198  82.824806  168.823639  -199.169342  1616756096.000000  49
-1.400488  0.949625  10.082434  82.824806  1.823633  -253.169342  1616756096.000000  49
0.419727  0.168849  12.515774  82.824806  168.823639  -169.169342  1616756096.000000  49
1.219664  0.671803  12.060719  82.824806  168.823639  113.830666  1616756096.000000  49
-0.380209  -0.020358  11.308683  82.824806  168.823639  113.830666  1616756096.000000  49
0.383802  0.870590  13.004357  82.824806  168.823639  113.830666  1616756096.000000  49
1.157393  -0.235909  9.699230  82.824806  168.823639  113.830666  1616756096.000000  56
1.107098  -0.535287  12.585229  82.824806  168.823639  113.830666  1616756096.000000  53
-0.329914  2.029779  10.925480  82.824806  168.823639  113.830666  1616756096.000000  49
-0.852028  0.647853  10.302775  82.824806  168.823639  113.830666  1616756096.000000  49
0.244891  1.268163  8.813073  82.824806  168.823639  113.830666  1616756096.000000  49
-1.960922  0.899330  7.378457  82.824806  168.823639  113.830666  1616756096.000000  49
-0.073647  -0.372426  8.051456  82.824806  168.823639  113.830666  1616756096.000000  49
-0.332309  -0.542472  8.130492  82.824806  168.823639  113.830666  1616756096.000000  49
0.309556  -0.803529  12.944482  -175.175201  -1.176367  -1.169336  1616756096.000000  49
-1.469943  0.144899  10.307566  82.824806  168.823639  113.830666  1616756096.000000  49
-1.819616  1.179547  11.141032  82.824806  -1.176367  -1.169336  1616756096.000000  49
-2.006428  0.849034  8.322094  82.824806  168.823639  113.830666  1616756096.000000  49
-1.795666  0.990341  11.505075  82.824806  168.823639  113.830666  1616756096.000000  49
-2.387236  -0.396376  10.183024  82.824806  168.823639  113.830666  1616756096.000000  49
-1.029260  1.907633  9.521999  82.824806  168.823639  113.830666  1616756096.000000  49
1.854344  0.480201  13.564792  82.824806  168.823639  113.830666  1616756096.000000  49
-0.674797  -1.016686  8.712482  82.824806  168.823639  113.830666  1616756096.000000  49
-1.074765  0.935255  8.372390  82.824806  168.823639  113.830666  1616756096.000000  49
0.388592  -0.999921  11.004516  82.824806  -129.176361  -1.169336  1616756096.000000  49
-1.333427  0.657433  10.156679  82.824806  168.823639  113.830666  1616756096.000000  49
-0.202978  1.193917  9.651330  82.824806  -129.176361  -1.169336  1616756096.000000  49
-1.343007  1.967509  10.108779  82.824806  168.823639  113.830666  1616756096.000000  49
-1.266367  3.382965  10.942245  82.824806  168.823639  113.830666  1616756096.000000  49
-1.218466  0.386796  9.253757  82.824806  168.823639  113.830666  1616756096.000000  49
-0.042512  -2.302811  13.382771  82.824806  168.823639  113.830666  1616756096.000000  49
-1.331032  -1.718426  9.205856  82.824806  168.823639  113.830666  1616756096.000000  49
0.508343  0.753234  9.984238  82.824806  168.823639  113.830666  1616756096.000000  49
0.848436  1.126857  9.162746  82.824806  168.823639  113.830666  1616756096.000000  49
-0.088017  -0.096998  9.921968  82.824806  168.823639  113.830666  1616756096.000000  49
-0.083227  0.930465  9.304052  82.824806  168.823639  113.830666  1616756096.000000  49
0.031734  0.403561  9.656120  82.824806  168.823639  113.830666  1616756096.000000  49
-0.016166  0.444276  9.613009  82.824806  168.823639  113.830666  1616756096.000000  49
0.139510  0.523312  9.634564  82.824806  168.823639  113.830666  1616756096.000000  49
0.149090  0.504152  9.797426  82.824806  168.823639  113.830666  1616756096.000000  49
-0.478405  -2.391427  10.887160  82.824806  12193.823242  3983.830566  1616756096.000000  49
-0.986149  -0.137714  9.854907  82.824806  168.823639  113.830666  1616756096.000000  49
-0.202978  -0.892145  10.080038  82.824806  168.823639  113.830666  1616756096.000000  49
-1.060395  0.537682  10.058483  82.824806  168.823639  113.830666  1616756096.000000  49
-0.416135  -1.117277  9.184301  82.824806  -120.176369  -1.169336  1616756096.000000  49
-0.420925  0.101788  10.202185  32575.824219  -1.176367  -1.169336  1616756096.000000  49
-1.283132  -0.056283  9.795032  82.824806  168.823639  113.830666  1616756096.000000  49
-0.775388  0.058678  10.602153  82.824806  168.823639  -135.169342  1616756096.000000  49
0.975372  1.040636  11.138638  82.824806  167.823639  -129.169342  1616756096.000000  49
0.829275  -0.688568  8.999885  82.824806  168.823639  113.830666  1616756096.000000  49
0.460443  0.290995  9.335187  82.824806  -76.176369  -1.169336  1616756096.000000  49
-0.818498  1.512455  9.811796  82.824806  168.823639  113.830666  1616756096.000000  49
-1.422043  0.207169  7.567663  82.824806  168.823639  113.830666  1616756096.000000  49
0.266446  0.822689  9.646540  82.824806  168.823639  113.830666  1616756096.000000  49
1.075963  0.171244  7.838300  82.824806  168.823639  113.830666  1616756096.000000  49
0.405357  0.506547  10.374626  82.824806  168.823639  113.830666  1616756096.000000  49
0.553848  0.444276  9.886042  82.824806  -1.176367  -1.169336  1616756096.000000  49
0.860411  0.652643  11.763737  82.824806  168.823639  113.830666  1616756096.000000  49
-0.576601  1.862128  10.286010  82.824806  168.823639  113.830666  1616756096.000000  49
-1.019680  0.789159  11.040442  82.824806  -32728.175781  32559.830078  1616756096.000000  49
-1.692680  1.110092  11.481125  82.824806  168.823639  113.830666  1616756096.000000  49
-0.564626  -0.681383  10.058483  82.824806  168.823639  113.830666  1616756096.000000  49
0.853226  -0.587977  10.432106  82.824806  -14528.176758  -256.169342  1616756096.000000  49
-1.093925  0.336500  11.073972  82.824806  168.823639  113.830666  1616756096.000000  49
0.807720  1.246608  10.515932  82.824806  168.823639  113.830666  1616756096.000000  49
-0.899929  0.386796  8.499326  82.824806  168.823639  32637.830078  1616756096.000000  49
0.994532  1.699266  10.365046  82.824806  168.823639  113.830666  1616756096.000000  49
-0.499960  1.926793  10.312355  82.824806  168.823639  113.830666  1616756096.000000  49
-0.902324  0.202379  8.583151  82.824806  168.823639  113.830666  1616756096.000000  49
-0.135917  1.744772  8.746013  82.824806  168.823639  113.830666  1616756096.000000  49
-0.207768  -0.065863  9.359138  82.824806  168.823639  113.830666  1616756096.000000  49
1.099913  1.136437  10.697953  82.824806  168.823639  113.830666  1616756096.000000  49
-1.422043  -0.353265  7.134164  82.824806  168.823639  113.830666  1616756096.000000  49
3.394341  -1.347198  9.134006  82.824806  168.823639  113.830666  1616756096.000000  49
-2.595603  0.346080  11.459570  82.824806  168.823639  113.830666  1616756096.000000  49
-1.316662  -0.925675  10.365046  82.824806  168.823639  113.830666  1616756096.000000  105
-0.811313  0.729283  8.846603  82.824806  168.823639  29757.830078  1616756096.000000  49
-0.734672  0.690963  9.629775  82.824806  168.823639  113.830666  1616756096.000000  49
-0.382604  0.068258  9.854907  82.824806  168.823639  113.830666  1616756096.000000  49
-1.522634  -0.906515  7.922126  82.824806  168.823639  113.830666  1616756096.000000  49
0.316741  2.135160  10.760224  82.824806  168.823639  113.830666  1616756096.000000  49
0.125140  -0.034728  8.868158  82.824806  168.823639  113.830666  1616756096.000000  49
-0.739462  0.559237  8.827443  82.824806  -88.176369  -1.169336  1616756096.000000  49
0.474813  1.699266  10.168654  82.824806  168.823639  113.830666  1616756096.000000  49
0.271236  0.029938  10.525512  82.824806  -76.176369  -1.169336  1616756096.000000  51
-2.030378  -0.959205  8.686137  82.824806  168.823639  113.830666  1616756096.000000  49
3.135679  2.005829  11.727812  82.824806  168.823639  113.830666  1616756096.000000  49
0.690364  0.564027  9.117241  82.824806  -76.176369  -1.169336  1616756096.000000  49
-1.163381  -0.288600  8.896899  81.824806  -1.176367  -1.169336  1616756096.000000  49
0.129930  0.592767  7.098239  82.824806  168.823639  113.830666  1616756096.000000  49
-0.610131  0.283810  9.519604  82.824806  168.823639  113.830666  1616756096.000000  49
-0.246088  0.094603  10.592572  82.824806  16552.824219  -129.169342  1616756096.000000  49
-0.727487  -0.896935  10.120754  82.824806  -1.176367  -1.169336  1616756096.000000  49
-0.856818  -0.329315  9.560319  82.824806  168.823639  113.830666  1616756096.000000  49
-1.299897  0.087418  6.786887  82.824806  168.823639  113.830666  1616756096.000000  49
0.707130  2.302811  9.771081  82.824806  168.823639  113.830666  1616756096.000000  49
-0.540676  1.052611  11.797268  82.824806  168.823639  113.830666  1616756096.000000  49
-1.390908  0.686173  9.390273  82.824806  168.823639  113.830666  1616756096.000000  49
0.446072  0.279020  7.689809  82.824806  168.823639  113.830666  1616756096.000000  49
0.956212  0.559237  9.308842  82.824806  168.823639  113.830666  1616756096.000000  49
1.471141  1.167572  10.690768  82.824806  168.823639  113.830666  1616756096.000000  49
-0.909509  2.039359  11.509865  82.824806  168.823639  113.830666  1616756096.000000  49
-1.845961  0.171244  10.017768  82.824806  -1.176367  -1.169336  1616756096.000000  49
0.050894  0.456251  9.735156  82.824806  168.823639  113.830666  1616756096.000000  49
-0.686772  -0.219144  11.112292  82.824806  168.823639  113.830666  1616756096.000000  49
0.549058  0.853824  10.676398  82.824806  168.823639  -16574.169922  1616756096.000000  49
-0.681982  -0.940045  8.999885  82.824806  168.823639  113.830666  1616756096.000000  49
-0.004191  -1.541195  6.442004  82.824806  168.823639  113.830666  1616756096.000000  49
0.719105  0.992736  7.586823  82.824806  168.823639  113.830666  1616756096.000000  49
2.069896  2.396217  12.525353  82.824806  168.823639  113.830666  1616756096.000000  49
0.256866  1.840572  11.313474  82.824806  168.823639  113.830666  1616756096.000000  49
-0.782573  0.844244  9.854907  82.824806  168.823639  113.830666  1616756096.000000  49
0.299976  1.809437  11.224857  82.824806  168.823639  113.830666  1616756096.000000  49
1.135838  1.114882  10.343491  82.824806  168.823639  113.830666  1616756096.000000  72
-0.957409  1.052611  9.967472  82.824806  168.823639  -142.169342  1616756096.000000  49
-0.708327  1.634601  10.539883  82.824806  168.823639  113.830666  1616756096.000000  49
-0.483195  2.096840  10.508747  82.824806  168.823639  113.830666  1616756096.000000  49
-0.107177  -0.092208  10.863210  82.824806  168.823639  113.830666  1616756096.000000  49
-0.358654  0.197589  9.826166  82.824806  168.823639  113.830666  1616756096.000000  49
-1.695075  -1.826202  7.653883  82.824806  168.823639  113.830666  1616756096.000000  49
-1.050815  -1.699266  7.340136  -193.175201  -1.176367  -1.169336  1616756096.000000  49
0.079634  -0.085023  9.545949  82.824806  -88.176369  -1.169336  1616756096.000000  49
-0.727487  0.247885  8.293354  82.824806  -1.176367  -1.169336  1616756096.000000  49
-0.758622  0.317340  8.326884  82.824806  168.823639  113.830666  1616756096.000000  49
0.565823  1.830992  10.662028  82.824806  168.823639  113.830666  1616756096.000000  49
-0.327519  0.688568  9.069340  82.824806  168.823639  113.830666  1616756096.000000  49
-0.145497  1.507665  10.539883  82.824806  168.823639  113.830666  1616756096.000000  49
1.162183  1.447789  11.445200  82.824806  168.823639  113.830666  1616756096.000000  49
-0.186213  0.027543  8.966354  82.824806  168.823639  113.830666  1616756096.000000  49
-0.133522  0.017963  9.208251  82.824806  -87.176369  -1.169336  1616756096.000000  90
0.204175  0.940045  10.846445  -212.175201  -1.176367  -1.169336  1616756096.000000  49
0.534688  -0.463436  9.699230  82.824806  168.823639  113.830666  1616756096.000000  49
0.534688  0.262255  10.118359  82.824806  168.823639  113.830666  1616756096.000000  49
1.428030  0.425116  10.836864  82.824806  168.823639  112.830666  1616756096.000000  49
-1.537004  -0.513732  9.016650  82.824806  168.823639  113.830666  1616756096.000000  49
1.313069  1.732797  10.647658  82.824806  168.823639  113.830666  1616756096.000000  49
-2.418371  0.889750  8.803493  82.824806  168.823639  113.830666  1616756096.000000  49
-0.133522  -0.274230  8.116122  82.824806  168.823639  113.830666  1616756096.000000  49
0.824485  -0.693358  8.348439  82.824806  168.823639  113.830666  1616756096.000000  49
-0.442480  0.298180  9.725575  82.824806  168.823639  113.830666  1616756096.000000  49
0.568218  0.786764  10.326725  82.824806  168.823639  113.830666  1616756096.000000  49
-0.847238  0.791554  11.497890  -167.175201  -1.176367  -1.169336  1616756096.000000  49
-1.441203  0.688568  9.596245  82.824806  168.823639  113.830666  1616756096.000000  49
-0.432900  0.286205  8.508905  82.824806  168.823639  113.830666  1616756096.000000  50
0.656834  0.669408  10.357861  82.824806  168.823639  113.830666  1616756096.000000  49
1.090333  -0.662223  8.549621  82.824806  168.823639  113.830666  1616756096.000000  322
0.048499  -0.758024  8.484956  82.824806  168.823639  113.830666  1616756096.000000  49
-1.175356  0.508942  8.585546  82.824806  168.823639  113.830666  1616756096.000000  49
-0.643661  0.487386  9.840536  82.824806  168.823639  113.830666  1616756096.000000  49
-0.780178  1.536405  10.899136  82.824806  168.823639  113.830666  1616756096.000000  49
-1.048420  1.284928  11.476335  82.824806  168.823639  113.830666  1616756096.000000  49
-0.758622  0.595162  9.557924  82.824806  168.823639  113.830666  1616756096.000000  49
-0.590971  1.536405  9.787846  82.824806  168.823639  -142.169342  1616756096.000000  49
-0.741857  0.849034  9.134006  82.824806  168.823639  113.830666  1616756096.000000  49
0.905916  0.199984  9.057365  82.824806  168.823639  113.830666  1616756096.000000  49
0.091610  0.513732  11.986474  82.824806  168.823639  113.830666  1616756096.000000  49
-0.102387  0.877775  10.355466  82.824806  168.823639  113.830666  1616756096.000000  62
-0.289199  0.288600  10.599758  82.824806  168.823639  113.830666  1616756096.000000  49
-0.777783  0.805924  10.990146  82.824806  -1.176367  -1.169336  1616756096.000000  49
-0.248483  2.250121  12.477453  82.824806  168.823639  113.830666  1616756096.000000  49
0.608934  1.280138  11.167377  82.824806  168.823639  113.830666  1616756096.000000  50
-0.123942  1.268163  11.311078  82.824806  168.823639  113.830666  1616756096.000000  49
-0.339494  1.306483  10.733879  82.824806  168.823639  113.830666  1616756096.000000  49
-0.001796  1.153202  9.989028  82.824806  168.823639  113.830666  1616756096.000000  49
-1.357377  0.930465  8.906479  82.824806  -44.176369  -1.169336  1616756096.000000  49
0.570613  0.676593  10.868000  82.824806  168.823639  113.830666  1616756096.000000  49
-1.965712  0.108973  8.001162  82.824806  168.823639  113.830666  1616756096.000000  49
-2.236350  -0.267045  8.947194  82.824806  168.823639  113.830666  1616756096.000000  49
0.685574  0.305365  10.214160  82.824806  168.823639  113.830666  1616756096.000000  49
0.697549  0.554447  9.907597  82.824806  168.823639  113.830666  1616756096.000000  49
-0.784968  -0.231119  9.574689  82.824806  168.823639  113.830666  1616756096.000000  49
-0.626896  0.089813  8.887319  82.824806  168.823639  113.830666  1616756096.000000  49
0.316741  3.253634  14.403049  -236.175201  -1.176367  -1.169336  1616756096.000000  49
-0.442480  2.223776  12.592414  82.824806  168.823639  113.830666  1616756096.000000  160
-0.076042  0.576002  9.380692  82.824806  168.823639  113.830666  1616756096.000000  55
0.606539  1.589095  9.416618  82.824806  168.823639  113.830666  1616756096.000000  49
-0.116757  0.856219  11.265574  82.824806  168.823639  113.830666  1616756096.000000  49
0.561033  -0.245490  9.727970  82.824806  -37.176369  -1.169336  1616756096.000000  49
0.280816  -0.219144  9.471704  82.824806  168.823639  113.830666  1616756096.000000  49
-0.334704  -0.058678  9.493258  82.824806  168.823639  113.830666  1616756096.000000  52
-0.325124  -0.161664  8.995094  82.824806  -174.176361  -1.169336  1616756096.000000  49
-0.083227  -0.458646  9.514813  82.824806  168.823639  -1.169336  1616756096.000000  53
-0.813708  0.516127  10.408156  82.824806  168.823639  113.830666  1616756096.000000  49
0.367037  0.760419  11.569740  82.824806  168.823639  113.830666  1616756096.000000  49
-1.719025  -0.643063  8.144863  82.824806  168.823639  113.830666  1616756096.000000  49
1.303489  1.507665  11.754157  82.824806  168.823639  113.830666  1616756096.000000  49
-0.305964  -0.015568  8.626262  82.824806  168.823639  113.830666  1616756096.000000  49
1.404080  1.131647  11.696676  82.824806  -172.176361  -1.169336  1616756096.000000  49
-1.129851  0.499362  10.724298  82.824806  168.823639  -141.169342  1616756096.000000  49
-0.425715  0.690963  10.077643  82.824806  -1166.176392  -1.169336  1616756096.000000  49
1.099913  0.884960  10.791359  82.824806  168.823639  -1.169336  1616756096.000000  49
-0.147892  0.535287  9.574689  82.824806  168.823639  113.830666  1616756096.000000  49
-0.658032  0.132924  11.392509  82.824806  168.823639  113.830666  1616756096.000000  49
-0.569416  0.444276  8.920849  -173.175201  -1.176367  -1.169336  1616756096.000000  49
-0.650847  0.611928  10.297985  82.824806  168.823639  113.830666  1616756096.000000  49
-1.419648  0.053888  9.229807  82.824806  168.823639  113.830666  1616756096.000000  49
0.668809  -0.247885  10.578202  82.824806  168.823639  -1.169336  1616756096.000000  49
-0.250878  1.208287  11.804453  82.824806  168.823639  113.830666  1616756096.000000  49
-0.519120  -0.032333  10.662028  82.824806  168.823639  113.830666  1616756096.000000  49
-0.080832  1.162782  12.307406  82.824806  168.823639  113.830666  1616756096.000000  49
0.369432  1.591491  10.695559  82.824806  168.823639  113.830666  1616756096.000000  49
1.272354  0.734073  9.569900  82.824806  168.823639  113.830666  1616756096.000000  49
0.537083  -0.020358  9.217832  82.824806  168.823639  113.830666  1616756096.000000  49
0.249681  -0.197589  8.211924  82.824806  168.823639  32631.830078  1616756096.000000  49
0.601749  -0.801134  8.389154  82.824806  168.823639  113.830666  1616756096.000000  49
0.381407  -1.129252  8.226294  82.824806  168.823639  113.830666  1616756096.000000  49
1.217269  0.968785  10.412946  82.824806  168.823639  113.830666  1616756096.000000  49
1.784888  0.279020  9.785451  82.824806  168.823639  -199.169342  1616756096.000000  49
1.054407  1.186732  8.343649  82.824806  168.823639  113.830666  1616756096.000000  49
-0.152682  0.271835  9.670490  82.824806  168.823639  32631.830078  1616756096.000000  49
1.133443  0.916095  9.859696  82.824806  168.823639  113.830666  1616756096.000000  49
-0.337099  0.264650  8.784333  82.824806  168.823639  113.830666  1616756096.000000  49
0.115560  1.498085  10.185419  -191.175201  -1.176367  -1.169336  1616756096.000000  49
1.277144  0.334105  9.615405  82.824806  168.823639  113.830666  1616756096.000000  49
-0.495170  0.003593  10.228530  82.824806  168.823639  32631.830078  1616756096.000000  49
-1.453178  0.022753  8.803493  82.824806  168.823639  113.830666  1616756096.000000  49
-2.243535  -1.043031  7.318581  82.824806  168.823639  113.830666  1616756096.000000  49
0.534688  -0.714913  7.785610  82.824806  168.823639  113.830666  1616756096.000000  49
-0.775388  -0.487386  8.245454  82.824806  168.823639  113.830666  1616756096.000000  49
-0.492775  0.925675  8.887319  82.824806  168.823639  113.830666  1616756096.000000  49
1.686692  1.526825  12.659474  82.824806  168.823639  113.830666  1616756096.000000  49
0.652044  1.301693  10.484797  82.824806  -92.176369  -1.169336  1616756096.000000  49
1.669927  0.832269  10.190209  82.824806  -1.176367  -1.169336  1616756096.000000  50
0.048499  -0.185614  9.562715  -1.175195  -1.176367  -1.169336  1616756096.000000  55
0.747845  0.688568  9.749526  82.824806  168.823639  113.830666  1616756096.000000  49
-1.175356  0.140109  8.961564  82.824806  168.823639  113.830666  1616756096.000000  49
1.291514  -0.125739  9.809402  82.824806  168.823639  -141.169342  1616756096.000000  49
1.404080  0.578397  9.275311  82.824806  168.823639  113.830666  1616756096.000000  49
-1.546584  -1.922003  6.858737  82.824806  168.823639  113.830666  1616756096.000000  49
-1.240021  0.865800  8.971145  82.824806  168.823639  113.830666  1616756096.000000  49
1.059197  1.117277  12.752880  82.824806  168.823639  113.830666  1616756096.000000  49
-0.794548  1.320853  11.471545  82.824806  168.823639  16158.831055  1616756096.000000  49
0.125140  -0.343685  8.465796  82.824806  168.823639  113.830666  1616756096.000000  49
-0.212558  0.628693  8.441845  82.824806  168.823639  113.830666  1616756096.000000  49
0.520318  0.604742  9.383088  82.824806  168.823639  113.830666  1616756096.000000  49
0.999322  -0.247885  10.381811  82.824806  168.823639  113.830666  1616756096.000000  197
0.865201  0.223934  9.608219  -144.175201  -1.176367  -1.169336  1616756096.000000  49
0.031734  0.568817  10.075249  82.824806  168.823639  32603.830078  1616756096.000000  49
-0.643661  0.755629  9.981843  87.824806  3866.823730  -1.169336  1616756096.000000  49
-0.497565  1.059796  9.974658  82.824806  -214.176361  -1.169336  1616756096.000000  49
1.257984  0.564027  8.892109  82.824806  168.823639  113.830666  1616756096.000000  49
0.673599  -0.317340  8.707692  82.824806  168.823639  113.830666  1616756096.000000  49
0.652044  0.008383  10.695559  82.824806  168.823639  113.830666  1616756096.000000  49
-0.578996  0.690963  11.167377  82.824806  168.823639  113.830666  1616756096.000000  51
-0.411345  0.156874  7.337741  82.824806  168.823639  -1.169336  1616756096.000000  49
0.357457  1.608256  11.701467  -215.175201  -1.176367  -1.169336  1616756096.000000  53
-1.865121  0.276625  8.904084  82.824806  168.823639  113.830666  1616756096.000000  49
0.007784  0.183219  9.143586  82.824806  168.823639  113.830666  1616756096.000000  49
-1.388513  0.382006  9.380692  82.824806  168.823639  113.830666  1616756096.000000  52
-0.253273  0.226329  8.468190  82.824806  168.823639  -143.169342  1616756096.000000  49
0.647254  -0.231119  10.195000  82.824806  168.823639  113.830666  1616756096.000000  49
-1.007704  0.398771  8.461005  82.824806  168.823639  113.830666  1616756096.000000  49
-0.396974  0.156874  9.488468  82.824806  168.823639  113.830666  1616756096.000000  49
-0.183818  0.111368  8.597522  82.824806  168.823639  113.830666  1616756096.000000  51
0.259261  0.736468  9.445358  82.824806  168.823639  113.830666  1616756096.000000  52
0.266446  0.250280  10.523117  82.824806  168.823639  113.830666  1616756096.000000  49
-0.344284  -0.829874  9.117241  82.824806  168.823639  113.830666  1616756096.000000  50
1.753753  0.849034  9.344768  82.824806  168.823639  113.830666  1616756096.000000  51
0.206570  -0.197589  8.602311  82.824806  168.823639  113.830666  1616756096.000000  49
1.047222  0.894540  10.281220  -215.175201  -1.176367  254.830658  1616756096.000000  49
0.086819  -0.140109  9.718390  82.824806  168.823639  113.830666  1616756096.000000  49
1.226849  1.004711  10.063273  82.824806  168.823639  113.830666  1616756096.000000  49
0.666414  0.803529  9.567504  82.824806  168.823639  113.830666  1616756096.000000  49
-0.540676  0.671803  9.088500  82.824806  168.823639  113.830666  1616756096.000000  49
0.596959  0.365240  9.193881  82.824806  168.823639  113.830666  1616756096.000000  49
-0.619711  0.961600  9.232202  82.824806  168.823639  113.830666  1616756096.000000  49
0.984952  -0.417931  8.664582  82.824806  168.823639  113.830666  1616756096.000000  49
1.363365  0.279020  9.557924  82.824806  168.823639  113.830666  1616756096.000000  49
0.232916  1.605861  8.010741  82.824806  168.823639  113.830666  1616756096.000000  49
0.558638  -0.348475  7.529343  82.824806  168.823639  113.830666  1616756096.000000  49
1.099913  0.607137  9.553134  82.824806  168.823639  113.830666  1616756096.000000  49
-1.151406  0.250280  9.042995  82.824806  168.823639  113.830666  1616756096.000000  49
-0.840053  0.628693  8.662187  82.824806  168.823639  113.830666  1616756096.000000  49
-0.092807  -0.183219  10.087223  82.824806  168.823639  113.830666  1616756096.000000  49
-0.691562  0.537682  9.213041  82.824806  168.823639  -143.169342  1616756096.000000  49
1.348995  -0.228724  9.486073  82.824806  168.823639  113.830666  1616756096.000000  49
-0.531096  -0.267045  8.882528  82.824806  168.823639  113.830666  1616756096.000000  51
-0.365839  -0.401166  9.742341  82.824806  168.823639  113.830666  1616756096.000000  49
0.026944  1.390309  10.714719  82.824806  168.823639  113.830666  1616756096.000000  49
-0.792153  -0.065863  9.308842  82.824806  168.823639  113.830666  1616756096.000000  49
-0.162263  -0.159269  8.278984  82.824806  -1.176367  -1.169336  1616756096.000000  49
-0.399370  0.923280  9.680070  82.824806  168.823639  113.830666  1616756096.000000  50
-0.708327  1.416654  9.811796  82.824806  168.823639  113.830666  1616756096.000000  49
-1.273552  0.034728  9.385483  82.824806  168.823639  113.830666  1616756096.000000  701
0.362247  0.274230  9.155560  82.824806  168.823639  113.830666  1616756096.000000  49
-0.840053  -1.225052  10.659634  82.824806  168.823639  113.830666  1616756096.000000  49
0.034129  2.003434  10.503957  82.824806  168.823639  113.830666  1616756096.000000  49
-2.207609  -0.334105  9.078920  82.824806  168.823639  113.830666  1616756096.000000  385
0.999322  -0.037123  10.075249  82.824806  -129.176361  -1.169336  1616756096.000000  49
-0.720302  -0.120948  10.750644  82.824806  168.823639  113.830666  1616756096.000000  49
1.382525  0.492177  9.629775  82.824806  168.823639  113.830666  1616756096.000000  49
0.196990  1.090931  10.480007  82.824806  168.823639  113.830666  1616756096.000000  49
0.108375  0.068258  10.638078  82.824806  168.823639  113.830666  1616756096.000000  49
0.314346  0.614322  8.312514  82.824806  168.823639  113.830666  1616756096.000000  49
-1.400488  -0.453856  8.372390  82.824806  168.823639  113.830666  1616756096.000000  49
0.316741  0.712518  8.731643  82.824806  168.823639  113.830666  1616756096.000000  49
-0.234113  -1.043031  7.807165  82.824806  168.823639  113.830666  1616756096.000000  50
-0.341889  0.825084  8.571177  82.824806  168.823639  113.830666  1616756096.000000  49
-0.052092  1.256188  9.306447  82.824806  168.823639  113.830666  1616756096.000000  49
1.339415  0.540077  10.238110  82.824806  168.823639  32539.830078  1616756096.000000  49
-1.153801  -1.543590  9.354347  82.824806  -5082.176270  -255.169342  1616756096.000000  49
0.082029  -0.616718  9.366323  82.824806  168.823639  -141.169342  1616756096.000000  49
-1.405278  -1.811832  7.649094  82.824806  168.823639  113.830666  1616756096.000000  49
1.964515  5.248685  9.545949  82.824806  168.823639  113.830666  1616756096.000000  49
6.222859  6.374344  13.445041  82.824806  -88.176369  -1.169336  1616756096.000000  49
-1.280737  2.990182  12.436738  82.824806  -193.176361  -1.169336  1616756096.000000  49
-4.039799  0.695753  5.819299  82.824806  168.823639  113.830666  1616756096.000000  51
-1.309477  0.849034  10.142309  82.824806  168.823639  113.830666  1616756096.000000  56
-1.771716  1.040636  10.860815  82.824806  168.823639  113.830666  1616756096.000000  49
-1.369352  1.083746  8.075407  82.824806  168.823639  113.830666  1616756096.000000  49
5.430108  -8.055648  15.763420  82.824806  168.823639  -141.169342  1616756096.000000  49
2.776426  0.065863  11.936178  82.824806  168.823639  113.830666  1616756096.000000  49
-0.392184  1.165177  9.663305  82.824806  168.823639  113.830666  1616756096.000000  49
4.017046  -2.424957  9.090896  82.824806  4007.823730  -1.169336  1616756096.000000  49
-1.611249  -3.268004  3.869753  82.824806  168.823639  113.830666  1616756096.000000  49
0.925076  -0.324525  15.626904  82.824806  168.823639  113.830666  1616756096.000000  49
3.949986  -0.341290  13.404325  82.824806  168.823639  113.830666  1616756096.000000  49
0.261656  1.213077  9.766291  82.824806  168.823639  113.830666  1616756096.000000  49
1.387315  0.085023  9.648935  -16625.175781  -16449.175781  -16449.169922  1616756096.000000  49
0.941841  1.356779  10.628498  -12461.174805  -1.176367  -1.169336  1616756096.000000  49
0.577798  0.322130  10.812915  82.824806  168.823639  113.830666  1616756096.000000  49
0.173040  -0.240699  11.157797  82.824806  168.823639  113.830666  1616756096.000000  49
-1.331032  -1.569935  7.725734  82.824806  168.823639  113.830666  1616756096.000000  49
1.360970  1.237028  10.338700  82.824806  168.823639  113.830666  1616756096.000000  49
1.305884  1.119672  9.862092  82.824806  168.823639  113.830666  1616756096.000000  49
1.265169  0.152084  9.397458  82.824806  168.823639  113.830666  1616756096.000000  49
0.381407  -0.810714  7.713759  82.824806  168.823639  113.830666  1616756096.000000  49
-0.358654  -0.290995  8.832233  82.824806  168.823639  113.830666  1616756096.000000  51
1.222059  0.444276  10.415341  30.824804  18431.824219  153.830658  1616756096.000000  49
1.087938  0.041913  9.617800  82.824806  168.823639  113.830666  1616756096.000000  49
0.601749  0.393981  9.351953  82.824806  -256.176361  -1.169336  1616756096.000000  49
0.858016  1.258583  10.997331  82.824806  168.823639  113.830666  1616756096.000000  49
-0.368234  0.032333  10.293195  -16609.175781  -16449.175781  -16449.169922  1616756096.000000  49
0.975372  0.360450  10.108779  82.824806  168.823639  113.830666  1616756096.000000  49
1.811234  1.169967  10.695559  82.824806  168.823639  113.830666  1616756096.000000  49
2.405198  0.595162  11.864328  82.824806  168.823639  32523.830078  1616756096.000000  49
0.584984  -0.348475  10.377021  82.824806  168.823639  113.830666  1616756096.000000  49
1.037642  -0.389191  11.193723  82.824806  168.823639  113.830666  1616756096.000000  51
-0.538281  1.354384  9.842932  82.824806  168.823639  113.830666  1616756096.000000  51
2.079476  1.495690  10.791359  82.824806  168.823639  113.830666  1616756096.000000  51
-0.116757  0.686173  10.202185  82.824806  168.823639  113.830666  1616756096.000000  364
0.122745  -0.120948  10.594968  82.824806  168.823639  113.830666  1616756096.000000  49
-0.236508  -0.180824  9.818981  82.824806  168.823639  113.830666  1616756096.000000  49
-0.236508  1.866918  11.445200  82.824806  168.823639  113.830666  1616756096.000000  49
-0.504750  0.758024  10.709929  82.824806  168.823639  1150.830688  1616756096.000000  49
0.379012  2.329156  11.967314  82.824806  168.823639  113.830666  1616756096.000000  49
-0.267643  -0.135319  11.172168  82.824806  -1.176367  -1.169336  1616756096.000000  49
0.048499  -0.556842  10.460847  82.824806  168.823639  113.830666  1616756096.000000  49
0.292791  1.069376  8.992700  82.824806  168.823639  113.830666  1616756096.000000  49
-0.157473  1.402284  9.962683  82.824806  168.823639  113.830666  1616756096.000000  49
-0.887954  0.741259  9.122030  82.824806  168.823639  113.830666  1616756096.000000  49
0.757425  1.062191  9.478889  82.824806  168.823639  113.830666  1616756096.000000  49
1.222059  0.159269  8.760383  82.824806  168.823639  113.830666  1616756096.000000  49
1.068777  0.968785  9.222622  82.824806  168.823639  113.830666  1616756096.000000  49
-0.593366  0.595162  9.033415  82.824806  168.823639  113.830666  1616756096.000000  49
1.890269  0.413141  11.224857  82.824806  168.823639  113.830666  1616756096.000000  49
0.563428  0.089813  10.968591  82.824806  168.823639  113.830666  1616756096.000000  49
-0.969384  0.556842  9.668095  82.824806  168.823639  -143.169342  1616756096.000000  49
0.884361  0.473016  10.499166  82.824806  -1.176367  -1.169336  1616756096.000000  49
0.225731  -0.264650  9.241781  82.824806  -1.176367  -1.169336  1616756096.000000  49
1.169368  -0.087418  9.684860  82.824806  168.823639  113.830666  1616756096.000000  49
-0.011376  0.015568  10.077643  82.824806  168.823639  113.830666  1616756096.000000  49
0.683179  0.128134  10.242900  82.824806  168.823639  113.830666  1616756096.000000  49
1.399290  0.075443  10.027348  82.824806  168.823639  113.830666  1616756096.000000  49
0.743055  -0.832269  10.132729  82.824806  168.823639  113.830666  1616756096.000000  50
1.109493  0.650248  9.953102  82.824806  168.823639  113.830666  1616756096.000000  49
1.387315  0.041913  9.160351  82.824806  168.823639  113.830666  1616756096.000000  53
-0.454455  -0.401166  7.208410  82.824806  168.823639  113.830666  1616756096.000000  49
-0.650847  -0.288600  9.134006  82.824806  168.823639  113.830666  1616756096.000000  49
-1.208886  1.095721  11.227253  82.824806  168.823639  113.830666  1616756096.000000  1979
-1.606459  0.144899  10.048903  32583.824219  -1.176367  -1.169336  1616756096.000000  49
-2.260300  -0.791554  9.181906  82.824806  168.823639  113.830666  1616756096.000000  49
-1.046025  0.973575  10.137519  82.824806  9215.823242  -209.169342  1616756096.000000  49
0.072449  -0.123344  10.003398  82.824806  32647.824219  -1.169336  1616756096.000000  49
0.989742  -0.343685  8.611892  82.824806  -1.176367  -1.169336  1616756096.000000  49
-0.459245  -0.264650  8.494535  82.824806  -6999.176270  -11224.168945  1616756096.000000  49
1.519041  1.330433  11.723022  82.824806  168.823639  113.830666  1616756096.000000  49
0.053289  0.195194  9.014255  82.824806  168.823639  113.830666  1616756096.000000  49
0.977767  -0.803529  9.227411  82.824806  168.823639  -143.169342  1616756096.000000  49
0.824485  0.894540  11.064391  82.824806  168.823639  113.830666  1616756096.000000  49
0.711920  1.704056  11.411670  82.824806  168.823639  113.830666  1616756096.000000  49
-0.437690  -0.334105  7.819140  82.824806  168.823639  113.830666  1616756096.000000  49
1.435215  0.329315  11.090736  82.824806  -170.176361  -1.169336  1616756096.000000  49
-0.835263  -0.293390  9.687255  82.824806  168.823639  113.830666  1616756096.000000  49
-1.532214  -0.571212  8.032297  82.824806  168.823639  113.830666  1616756096.000000  49
0.846041  1.593886  10.891950  82.824806  168.823639  122.830666  1616756096.000000  49
-1.287922  -0.231119  8.144863  -151.175201  -1.176367  -1.169336  1616756096.000000  49
2.065106  2.180665  10.403366  82.824806  168.823639  113.830666  1616756096.000000  49
-1.405278  -0.185614  8.803493  82.824806  168.823639  -32656.169922  1616756096.000000  49
-0.006586  0.247885  9.648935  82.824806  168.823639  113.830666  1616756096.000000  49
-0.674797  -1.514850  10.839260  -240.175201  -1.176367  -1.169336  1616756096.000000  49
0.034129  1.550775  9.830956  82.824806  168.823639  113.830666  1616756096.000000  49
2.160906  2.092050  12.575649  82.824806  168.823639  -143.169342  1616756096.000000  49
0.541873  0.135319  8.963960  82.824806  168.823639  -1.169336  1616756096.000000  49
0.599354  -0.075443  9.751921  82.824806  168.823639  113.830666  1616756096.000000  49
-1.259181  0.952020  8.233479  82.824806  168.823639  113.830666  1616756096.000000  51
1.133443  0.978365  8.084988  82.824806  168.823639  113.830666  1616756096.000000  49
1.717828  3.011737  12.654684  -175.175201  -1.176367  -1.169336  1616756096.000000  49
-1.704655  -0.240699  8.461005  82.824806  168.823639  113.830666  1616756096.000000  49
-0.032932  0.896935  7.649094  82.824806  168.823639  113.830666  1616756096.000000  50
1.210084  1.244213  9.648935  82.824806  168.823639  -199.169342  1616756096.000000  49
-0.310754  -0.449066  8.199948  82.824806  168.823639  -1.169336  1616756096.000000  49
0.285606  -0.362845  8.082592  82.824806  168.823639  113.830666  1616756096.000000  49
0.211360  0.221539  9.804611  82.824806  168.823639  113.830666  1616756096.000000  49
-1.055605  -0.293390  8.420290  82.824806  168.823639  113.830666  1616756096.000000  49
-1.072370  1.807042  11.011701  82.824806  168.823639  113.830666  1616756096.000000  49
1.796863  0.942440  9.931547  82.824806  168.823639  113.830666  1616756096.000000  49
0.244891  -0.566422  8.314909  82.824806  168.823639  113.830666  1616756096.000000  83
0.211360  -1.438209  9.124426  82.824806  -97.176369  -1.169336  1616756096.000000  49
0.259261  0.393981  9.507628  52.824806  -1157.176392  -1029.169312  1616756096.000000  49
0.333506  0.489781  10.204579  82.824806  168.823639  113.830666  1616756096.000000  49
0.917891  1.335223  8.501720  82.824806  168.823639  113.830666  1616756096.000000  49
-0.123942  0.547262  10.559042  82.824806  168.823639  113.830666  1616756096.000000  49
0.122745  -0.676593  9.114845  82.824806  168.823639  -135.169342  1616756096.000000  49
-0.555046  2.089654  7.991581  82.824806  168.823639  -135.169342  1616756096.000000  49
-1.635200  -0.518522  8.034692  82.824806  168.823639  113.830666  1616756096.000000  49
-1.024470  -0.204774  9.589060  82.824806  168.823639  113.830666  1616756096.000000  137
-0.899929  0.437091  9.687255  82.824806  168.823639  -141.169342  1616756096.000000  49
0.000599  1.071771  10.005793  82.824806  168.823639  113.830666  1616756096.000000  54
-1.187331  0.269440  8.425080  82.824806  168.823639  113.830666  1616756096.000000  49
-0.792153  0.360450  9.428593  82.824806  168.823639  113.830666  1616756096.000000  49
0.424517  1.169967  10.439291  82.824806  168.823639  -129.169342  1616756096.000000  49
0.407752  0.235909  9.445358  -184.175201  -1.176367  -1.169336  1616756096.000000  49
0.534688  0.580792  10.724298  82.824806  40.823631  113.830666  1616756096.000000  49
-0.123942  1.263373  11.251203  82.824806  168.823639  113.830666  1616756096.000000  49
-0.693957  0.489781  9.538764  82.824806  168.823639  113.830666  1616756096.000000  49
0.505948  1.454974  11.703861  82.824806  168.823639  113.830666  1616756096.000000  49
-0.545466  -0.374821  9.392668  -145.175201  -1.176367  -1.169336  1616756096.000000  49
-1.012495  -0.283810  9.181906  82.824806  168.823639  113.830666  1616756096.000000  49
0.096400  -0.202379  11.030861  82.824806  168.823639  113.830666  1616756096.000000  49
0.429307  1.404679  10.712323  -144.175201  -1.176367  -2049.169434  1616756096.000000  50
1.358575  -0.199984  9.385483  15.824804  18431.824219  153.830658  1616756096.000000  49
2.007625  -0.202379  10.293195  82.824806  168.823639  113.830666  1616756096.000000  49
-0.032932  -0.573607  9.739945  82.824806  168.823639  113.830666  1616756096.000000  49
1.128653  0.542472  8.051456  82.824806  168.823639  113.830666  1616756096.000000  49
-0.284409  0.839454  9.711205  82.824806  168.823639  113.830666  1616756096.000000  49
-0.176633  0.334105  9.737551  82.824806  168.823639  113.830666  1616756096.000000  49
0.489183  0.573607  10.640473  82.824806  168.823639  113.830666  1616756096.000000  49
-0.277223  0.707728  9.023835  82.824806  168.823639  113.830666  1616756096.000000  49
-0.907114  -1.083746  7.040759  82.824806  -92.176369  -1.169336  1616756096.000000  49
-0.693957  0.386796  7.644304  -236.175201  -1.176367  -1.169336  1616756096.000000  49
0.208965  -0.384401  9.783056  82.824806  168.823639  113.830666  1616756096.000000  52
-1.548979  0.410746  9.316028  82.824806  168.823639  113.830666  1616756096.000000  49
1.605262  0.834664  9.711205  82.824806  168.823639  32577.830078  1616756096.000000  49
-0.993334  1.452579  11.105106  82.824806  168.823639  -1.169336  1616756096.000000  49
-0.607736  0.049098  10.635683  82.824806  -1.176367  -1.169336  1616756096.000000  50
-0.301174  -0.437091  8.889713  82.824806  168.823639  113.830666  1616756096.000000  49
0.046104  0.108973  9.196277  82.824806  168.823639  113.830666  1616756096.000000  49
-0.267643  1.086141  10.604548  82.824806  11171.823242  -145.169342  1616756096.000000  50
0.371827  0.868195  12.594809  -215.175201  -1.176367  -1.169336  1616756096.000000  49
-1.326242  0.374821  9.366323  82.824806  168.823639  113.830666  1616756096.000000  49
-0.286804  1.126857  10.700349  82.824806  168.823639  113.830666  1616756096.000000  49
0.098795  0.774789  9.773476  82.824806  168.823639  113.830666  1616756096.000000  49
-0.183818  0.259860  8.492141  82.824806  168.823639  113.830666  1616756096.000000  49
-1.005309  0.676593  10.283615  82.824806  168.823639  113.830666  1616756096.000000  50
-1.192121  -0.080233  10.642868  82.824806  168.823639  113.830666  1616756096.000000  49
-1.759741  0.762814  9.706415  82.824806  168.823639  -143.169342  1616756096.000000  50
-0.056882  2.044149  10.487192  2140.824707  -1.176367  -1.169336  1616756096.000000  49
0.335901  1.153202  11.596086  82.824806  168.823639  113.830666  1616756096.000000  49
0.029339  1.763932  11.991264  82.824806  168.823639  113.830666  1616756096.000000  49
0.805325  0.326920  9.754315  82.824806  32179.824219  -129.169342  1616756096.000000  49
-1.520239  -0.813109  8.465796  82.824806  168.823639  113.830666  1616756096.000000  49
1.564546  2.451303  12.827126  82.824806  168.823639  113.830666  1616756096.000000  49
1.202899  1.555565  12.839101  82.824806  168.823639  113.830666  1616756096.000000  49
-0.871188  -0.058678  8.190368  82.824806  168.823639  113.830666  1616756096.000000  49
-1.110690  0.269440  11.047626  82.824806  168.823639  113.830666  1616756096.000000  49
-1.548979  -0.647853  8.118518  82.824806  168.823639  113.830666  1616756096.000000  58
-0.291594  -0.437091  9.098081  82.824806  168.823639  113.830666  1616756096.000000  49
-0.133522  0.068258  8.377179  82.824806  168.823639  113.830666  1616756096.000000  49
-0.521515  0.611928  10.755434  82.824806  168.823639  113.830666  1616756096.000000  49
-1.055605  0.434696  9.572294  82.824806  168.823639  113.830666  1616756096.000000  49
0.671204  1.095721  9.917177  -175.175201  -1.176367  -1.169336  1616756096.000000  49
-0.006586  0.923280  8.734037  82.824806  168.823639  113.830666  1616756096.000000  49
-0.037722  1.019081  12.551699  82.824806  168.823639  113.830666  1616756096.000000  49
0.228126  -0.008383  9.002279  82.824806  168.823639  113.830666  1616756096.000000  49
-0.437690  -1.301693  8.518486  82.824806  168.823639  113.830666  1616756096.000000  49
-0.107177  0.805924  8.822653  82.824806  168.823639  113.830666  1616756096.000000  49
-0.552651  0.140109  7.371271  82.824806  168.823639  113.830666  1616756096.000000  49
1.198109  -0.176034  9.550739  82.824806  168.823639  113.830666  1616756096.000000  49
0.120350  -0.324525  8.884924  82.824806  -84.176369  -1.169336  1616756096.000000  49
1.073568  0.772394  9.385483  82.824806  40.823631  113.830666  1616756096.000000  49
0.168250  0.461041  8.872949  82.824806  -1.176367  -1.169336  1616756096.000000  49
-0.578996  -0.276625  8.923244  82.824806  168.823639  113.830666  1616756096.000000  49
-0.878373  -0.190404  9.548344  82.824806  168.823639  113.830666  1616756096.000000  49
-0.389789  -0.314945  6.885082  82.824806  168.823639  113.830666  1616756096.000000  49
-1.069975  0.506547  10.571017  82.824806  168.823639  113.830666  1616756096.000000  54
-1.014889  0.341290  10.214160  82.824806  168.823639  -1.169336  1616756096.000000  49
-1.069975  0.077838  10.300381  82.824806  -129.176361  -1.169336  1616756096.000000  49
-0.040117  -0.113763  8.805888  82.824806  -87.176369  -1.169336  1616756096.000000  49
0.026944  1.275348  10.736274  82.824806  -1.176367  -1.169336  1616756096.000000  49
-1.232836  0.599952  10.149494  82.824806  168.823639  113.830666  1616756096.000000  49
0.062869  -0.583187  9.234596  82.824806  168.823639  113.830666  1616756096.000000  49
-0.416135  0.863405  8.228688  82.824806  168.823639  113.830666  1616756096.000000  49
-1.175356  0.293390  8.611892  82.824806  168.823639  113.830666  1616756096.000000  49
1.016087  0.530497  10.458451  82.824806  -84.176369  -7.169336  1616756096.000000  49
0.211360  1.131647  11.806848  82.824806  168.823639  113.830666  1616756096.000000  49
-0.399370  0.523312  9.373507  82.824806  168.823639  113.830666  1616756096.000000  49
0.276026  -0.882565  8.475375  82.824806  -87.176369  -1.169336  1616756096.000000  49
-0.076042  1.019081  8.046667  82.824806  -1.176367  -1.169336  1616756096.000000  52
-0.650847  0.805924  11.054811  -215.175201  -1.176367  254.830658  1616756096.000000  49
-2.210004  0.116158  8.250243  82.824806  168.823639  113.830666  1616756096.000000  49
-1.460363  -0.032333  8.096962  82.824806  168.823639  113.830666  1616756096.000000  49
-0.329914  -0.233514  9.785451  82.824806  168.823639  16247.831055  1616756096.000000  49
0.963397  1.157992  10.417736  16227.825195  -1.176367  -1.169336  1616756096.000000  49
-0.535886  -0.765209  8.731643  82.824806  168.823639  113.830666  1616756096.000000  49
-0.394579  0.223934  8.542436  82.824806  168.823639  113.830666  1616756096.000000  49
0.743055  1.227448  11.167377  82.824806  168.823639  47.830666  1616756096.000000  49
0.898731  1.593886  10.963800  82.824806  168.823639  -231.169342  1616756096.000000  49
0.692759  0.511337  10.103989  82.824806  168.823639  113.830666  1616756096.000000  50
-0.248483  0.152084  9.289682  82.824806  168.823639  113.830666  1616756096.000000  52
-0.966989  -0.264650  6.889873  82.824806  168.823639  113.830666  1616756096.000000  49
-1.362167  -1.634601  8.875343  82.824806  168.823639  113.830666  1616756096.000000  49
0.194595  1.270558  12.343332  82.824806  168.823639  113.830666  1616756096.000000  49
-0.504750  0.073048  11.402089  82.824806  168.823639  113.830666  1616756096.000000  49
-1.527424  0.587977  10.465636  82.824806  168.823639  113.830666  1616756096.000000  49
-1.089135  0.051493  9.850117  -256.175201  -1.176367  -1.169336  1616756096.000000  49
-1.228046  0.681383  9.239387  -175.175201  -1.176367  -1.169336  1616756096.000000  49
-1.565744  0.544867  8.592731  82.824806  168.823639  32571.830078  1616756096.000000  49
-1.445993  0.039518  8.743618  82.824806  168.823639  113.830666  1616756096.000000  49
0.795745  1.567540  12.898976  82.824806  168.823639  113.830666  1616756096.000000  49
-0.370629  -0.041913  10.372231  82.824806  168.823639  113.830666  1616756096.000000  49
0.405357  -0.235909  7.919731  82.824806  168.823639  113.830666  1616756096.000000  49
-1.661545  -0.338895  8.113728  82.824806  168.823639  113.830666  1616756096.000000  49
-0.147892  0.801134  9.883647  82.824806  168.823639  113.830666  1616756096.000000  49
0.687969  0.849034  12.458293  82.824806  -2135.176270  -1.169336  1616756096.000000  49
-0.056882  0.899330  10.436896  82.824806  168.823639  113.830666  1616756096.000000  49
0.326321  0.473016  9.351953  82.824806  168.823639  113.830666  1616756096.000000  49
0.474813  0.221539  8.803493  -151.175201  -1.176367  -1.169336  1616756096.000000  49
0.319136  -0.061073  8.238269  82.824806  167.823639  113.830666  1616756096.000000  49
1.313069  0.935255  11.026072  82.824806  168.823639  113.830666  1616756096.000000  49
0.302371  0.171244  10.645263  82.824806  168.823639  113.830666  1616756096.000000  49
0.556243  -0.382006  8.434660  -183.175201  -1.176367  -1.169336  1616756096.000000  49
-1.517844  -0.209564  9.119636  82.824806  168.823639  113.830666  1616756096.000000  49
-0.681982  0.092208  8.980724  82.824806  168.823639  113.830666  1616756096.000000  49
-0.042512  -0.082628  9.196277  -175.175201  -1.176367  -1.169336  1616756096.000000  49
-0.377814  -1.047821  8.913664  82.824806  168.823639  113.830666  1616756096.000000  132
0.675994  1.227448  10.005793  82.824806  168.823639  113.830666  1616756096.000000  49
-0.341889  0.853824  11.095527  82.824806  424.823639  -193.169342  1616756096.000000  49
0.302371  0.659828  9.526789  82.824806  168.823639  113.830666  1616756096.000000  49
1.344205  0.422721  10.245295  82.824806  -8369.176758  -1.169336  1616756096.000000  49
0.685574  0.243094  10.592572  -193.175201  -1.176367  -1.169336  1616756096.000000  49
-0.840053  -1.359174  6.046825  82.824806  168.823639  113.830666  1616756096.000000  49
-2.099833  -2.851271  6.224057  82.824806  168.823639  113.830666  1616756096.000000  49
-0.375419  -1.648971  6.715036  82.824806  168.823639  113.830666  1616756096.000000  49
-1.666335  0.449066  10.884765  82.824806  -1.176367  -1.169336  1616756096.000000  49
0.917891  -0.092208  9.938732  -1.175195  -1.176367  -1.169336  1616756096.000000  49
0.635279  1.093326  11.624826  -1.175195  -1.176367  -1.169336  1616756096.000000  49
3.250640  0.602347  14.244977  82.824806  168.823639  113.830666  1616756096.000000  49
-0.020956  -0.731678  11.562555  82.824806  168.823639  113.830666  1616756096.000000  54
0.175435  0.173639  10.640473  82.824806  168.823639  103.830666  1616756096.000000  49
-0.432900  0.034728  9.447753  -173.175201  -1.176367  -1.169336  1616756096.000000  49
0.802930  -0.281415  9.807006  82.824806  168.823639  113.830666  1616756096.000000  49
1.116678  0.231119  11.205698  82.824806  168.823639  113.830666  1616756096.000000  49
1.337020  1.409469  11.826008  82.824806  168.823639  -1.169336  1616756096.000000  49
-2.775229  -1.234633  7.270680  82.824806  168.823639  113.830666  1616756096.000000  49
0.680784  0.058678  9.318422  82.824806  168.823639  -142.169342  1616756096.000000  49
0.367037  0.192799  9.668095  82.824806  168.823639  -199.169342  1616756096.000000  70
-1.431623  -2.051334  8.128098  82.824806  -92.176369  -1.169336  1616756096.000000  49
0.110770  1.874103  12.297827  82.824806  168.823639  113.830666  1616756096.000000  49
1.617237  1.706451  12.434342  82.824806  168.823639  113.830666  1616756096.000000  49
-0.806523  -0.233514  9.031020  82.824806  168.823639  -135.169342  1616756096.000000  49
0.726290  1.438209  11.768527  82.824806  -129.176361  -1.169336  1616756096.000000  72
0.316741  -1.354384  10.377021  82.824806  168.823639  113.830666  1616756096.000000  49
1.011297  -0.034728  10.841655  82.824806  168.823639  113.830666  1616756096.000000  49
-1.263972  0.532892  9.471704  82.824806  168.823639  113.830666  1616756096.000000  49
0.455652  0.159269  8.643026  82.824806  168.823639  113.830666  1616756096.000000  49
1.145418  0.267045  9.586664  82.824806  168.823639  113.830666  1616756096.000000  220
0.369432  -0.449066  9.759106  82.824806  168.823639  113.830666  1616756096.000000  49
0.599354  0.978365  12.331357  82.824806  168.823639  111.830666  1616756096.000000  162
-0.224533  -0.159269  11.481125  82.824806  -247.176361  -1.169336  1616756096.000000  49
0.103585  2.496808  11.026072  82.824806  168.823639  113.830666  1616756096.000000  49
-0.456850  1.035846  11.517050  82.824806  168.823639  113.830666  1616756096.000000  49
-1.175356  -1.160387  9.656120  82.824806  168.823639  113.830666  1616756096.000000  49
0.295186  -1.835783  8.005952  82.824806  32679.824219  -1.169336  1616756096.000000  49
0.640069  0.971180  9.411828  82.824806  168.823639  113.830666  1616756096.000000  49
-0.864003  -1.402284  8.032297  82.824806  168.823639  113.830666  1616756096.000000  49
1.164578  0.832269  9.711205  82.824806  168.823639  113.830666  1616756096.000000  49
-0.576601  -0.633483  11.203302  82.824806  168.823639  -129.169342  1616756096.000000  49
-1.010100  0.221539  8.678952  82.824806  -89.176369  -1.169336  1616756096.000000  49
-0.691562  0.123344  7.948471  82.824806  -87.176369  -1.169336  1616756096.000000  49
0.288001  1.196312  10.678793  82.824806  168.823639  113.830666  1616756096.000000  49
-0.631686  -1.241818  8.676557  82.824806  168.823639  113.830666  1616756096.000000  49
1.176553  0.398771  10.810519  82.824806  168.823639  113.830666  1616756096.000000  49
1.526226  1.356779  13.298944  82.824806  168.823639  113.830666  1616756096.000000  54