Acc X | Acc Y | Acc Z | Mag X | Mag Y | Mag Z | Timestamp | Delta T
-0.333506  -0.932860  10.975776  60.824806  123.823631  69.830666  1616755712.000000  51
-0.431702  -0.628693  9.981843  61.824806  122.823631  67.830666  1616755712.000000  49
-0.405357  -0.690963  10.810519  62.824806  121.823631  69.830666  1616755712.000000  49
-0.189805  -0.195194  10.626102  63.824806  122.823631  69.830666  1616755712.000000  55
-0.374222  0.841849  10.424921  62.824806  123.823631  70.830666  1616755712.000000  54
-0.436492  0.005988  9.586664  61.824806  123.823631  69.830666  1616755712.000000  49
-0.185015  0.029938  9.888437  63.824806  122.823631  66.830666  1616755712.000000  49
-0.259261  0.729283  10.063273  63.824806  123.823631  68.830666  1616755712.000000  49
-1.018482  0.724493  8.887319  59.824806  120.823631  68.830666  1616755712.000000  49
-0.625699  0.619113  9.589060  61.824806  119.823631  70.830666  1616755712.000000  49
0.099992  0.243094  10.384206  59.824806  120.823631  68.830666  1616755712.000000  49
-0.951421  -0.144899  8.791518  62.824806  120.823631  68.830666  1616755712.000000  49
-0.434097  -0.779579  9.392668  62.824806  119.823631  66.830666  1616755712.000000  49
-1.492696  -0.868195  7.783215  63.824806  119.823631  66.830666  1616755712.000000  49
-1.092728  -0.391586  8.968749  60.824806  117.823631  66.830666  1616755712.000000  49
0.068857  0.202379  10.470427  60.824806  121.823631  68.830666  1616755712.000000  49
1.127455  0.714913  12.103830  61.824806  119.823631  68.830666  1616755712.000000  49
-0.472418  -0.255070  10.130334  62.824806  118.823631  69.830666  1616755712.000000  49
0.224533  -0.549657  11.267968  61.824806  119.823631  68.830666  1616755712.000000  49
-0.103585  -0.025148  10.762619  61.824806  120.823631  68.830666  1616755712.000000  49
0.056882  0.389191  10.506351  63.824806  118.823631  68.830666  1616755712.000000  49
-0.290396  0.259860  9.905202  60.824806  118.823631  68.830666  1616755712.000000  49
0.337099  -0.039518  10.949430  59.824806  119.823631  68.830666  1616755712.000000  49
-0.323926  0.942440  9.337583  61.824806  117.823631  68.830666  1616755712.000000  49
-0.711920  0.350870  9.155560  60.824806  116.823631  69.830666  1616755712.000000  49
-0.721500  0.501757  9.498049  64.824806  118.823631  69.830666  1616755712.000000  49
-0.321531  -0.120948  10.228530  61.824806  121.823631  69.830666  1616755712.000000  49
1.012495  0.211959  10.992541  60.824806  119.823631  -221.169342  1616755712.000000  49
0.854423  -0.461041  10.743459  61.824806  117.823631  69.830666  1616755712.000000  49
-0.290396  -0.152084  10.532697  63.824806  118.823631  67.830666  1616755712.000000  49
-0.913101  -0.154479  9.521999  61.824806  119.823631  71.830666  1616755712.000000  49
-0.414937  0.250280  16.639997  61.824806  118.823631  68.830666  1616755712.000000  49
0.090412  -0.080233  10.293195  64.824806  116.823631  66.830666  1616755712.000000  49
0.449665  -0.645458  10.465636  64.824806  117.823631  67.830666  1616755712.000000  49
-0.858016  0.231119  9.426198  65.824806  120.823631  70.830666  1616755712.000000  49
-1.016087  -0.211959  9.622590  64.824806  117.823631  69.830666  1616755712.000000  49
-0.314346  0.628693  10.602153  64.824806  116.823631  69.830666  1616755712.000000  49
0.339494  0.901725  10.566227  62.824806  117.823631  68.830666  1616755712.000000  49
-0.355062  0.271835  9.859696  63.824806  114.823631  67.830666  1616755712.000000  49
-0.611329  -0.070653  8.446635  62.824806  115.823631  70.830666  1616755712.000000  49
-0.309556  -0.173639  10.405761  65.824806  118.823631  69.830666  1616755712.000000  49
-0.632884  1.174757  9.392668  63.824806  116.823631  70.830666  1616755712.000000  49
0.528701  0.928070  11.449989  65.824806  117.823631  70.830666  1616755712.000000  49
0.040117  0.355660  10.233319  62.824806  115.823631  68.830666  1616755712.000000  49
-1.176553  0.101788  8.302934  63.824806  117.823631  69.830666  1616755712.000000  49
-1.557361  -0.195194  8.537646  62.824806  119.823631  72.830666  1616755712.000000  49
1.460363  -0.063468  11.311078  62.824806  116.823631  68.830666  1616755712.000000  49
-0.723895  1.476530  8.540041  64.824806  116.823631  71.830666  1616755712.000000  49
-1.317860  0.257465  8.647817  63.824806  116.823631  70.830666  1616755712.000000  49
-0.450862  0.178429  10.171049  63.824806  118.823631  71.830666  1616755712.000000  49
0.794548  -0.255070  10.932666  65.824806  115.823631  71.830666  1616755712.000000  49
0.286804  -0.092208  11.176957  64.824806  120.823631  69.830666  1616755712.000000  49
-0.711920  -0.616718  9.201066  65.824806  116.823631  72.830666  1616755712.000000  49
0.004191  0.954415  11.478730  64.824806  115.823631  72.830666  1616755712.000000  49
0.133522  1.335223  11.481125  66.824806  118.823631  72.830666  1616755712.000000  49
-0.005389  0.657433  10.733879  66.824806  118.823631  72.830666  1616755712.000000  49
-0.781375  -0.954415  8.822653  64.824806  114.823631  70.830666  1616755712.000000  49
-0.731080  -0.477806  9.328002  69.824806  116.823631  72.830666  1616755712.000000  49
0.631686  0.729283  11.821218  65.824806  117.823631  69.830666  1616755712.000000  49
0.068857  0.724493  11.153008  65.824806  117.823631  72.830666  1616755712.000000  49
-0.652044  0.559237  8.504116  66.824806  115.823631  73.830666  1616755712.000000  49
0.344284  -0.322130  10.523117  67.824806  118.823631  73.830666  1616755712.000000  49
-0.731080  0.022753  9.433383  65.824806  116.823631  74.830666  1616755712.000000  49
-0.551453  -0.549657  9.521999  69.824806  117.823631  73.830666  1616755712.000000  49
-0.726290  0.257465  9.040600  70.824806  115.823631  74.830666  1616755712.000000  49
0.054487  0.341290  10.985355  67.824806  118.823631  75.830666  1616755712.000000  49
-0.170645  0.005988  10.707534  67.824806  118.823631  73.830666  1616755712.000000  49
-0.462838  0.439486  9.272917  69.824806  116.823631  74.830666  1616755712.000000  49
-0.719105  0.611928  8.992700  70.824806  115.823631  75.830666  1616755712.000000  49
0.207768  0.619113  9.397458  68.824806  118.823631  73.830666  1616755712.000000  49
-0.194595  0.353265  9.589060  68.824806  117.823631  72.830666  1616755712.000000  49
-1.078358  -2.862048  16.639997  68.824806  116.823631  73.830666  1616755712.000000  49
-0.582588  0.013173  9.938732  68.824806  116.823631  75.830666  1616755712.000000  49
-1.380130  -0.432301  8.489745  67.824806  117.823631  72.830666  1616755712.000000  49
2.356101  -1.095721  13.284575  67.824806  120.823631  74.830666  1616755712.000000  49
0.301174  0.001198  9.704021  68.824806  119.823631  74.830666  1616755712.000000  49
-0.666414  0.336500  9.624985  69.824806  120.823631  75.830666  1616755712.000000  49
0.511935  0.056283  10.812915  69.824806  119.823631  75.830666  1616755712.000000  49
-0.292791  -0.432301  9.268126  70.824806  119.823631  74.830666  1616755712.000000  55
0.013771  -0.233514  9.826166  71.824806  120.823631  73.830666  1616755712.000000  49
-0.704735  0.075443  9.615405  70.824806  119.823631  74.830666  1616755712.000000  49
0.590971  -0.453856  10.896740  70.824806  117.823631  73.830666  1616755712.000000  54
-0.438887  -1.186732  9.471704  69.824806  120.823631  73.830666  1616755712.000000  49
-0.089214  -0.513732  8.683743  69.824806  119.823631  74.830666  1616755712.000000  54
-0.228126  1.639391  9.512419  69.824806  119.823631  74.830666  1616755712.000000  49
-0.752635  0.293390  8.829838  71.824806  119.823631  75.830666  1616755712.000000  54
-1.310674  1.098116  9.538764  66.824806  118.823631  68.830666  1616755712.000000  63
0.171843  -0.092208  10.484797  70.824806  117.823631  72.830666  1616755712.000000  49
-0.453257  -0.094603  9.763896  72.824806  119.823631  74.830666  1616755712.000000  54
0.152682  0.305365  10.403366  69.824806  117.823631  71.830666  1616755712.000000  49
1.189726  -0.913700  13.461806  69.824806  115.823631  73.830666  1616755712.000000  49
-2.139351  -0.190404  7.907756  -180.175201  -1.176367  -1.169336  1616755712.000000  49
2.116599  -0.413141  11.694282  65.824806  119.823631  72.830666  1616755712.000000  49
-0.345482  0.667013  10.515932  65.824806  117.823631  71.830666  1616755712.000000  155
-0.520318  0.396376  9.421408  71.824806  116.823631  72.830666  1616755712.000000  49
-1.784888  0.832269  9.715996  68.824806  124.823631  71.830666  1616755712.000000  49
0.866398  0.089813  9.253757  68.824806  116.823631  71.830666  1616755712.000000  49
-0.965792  0.152084  8.700507  70.824806  116.823631  72.830666  1616755712.000000  49
-3.645818  -0.171244  5.951025  70.824806  116.823631  72.830666  1616755712.000000  49
-2.383643  9.483080  5.632487  71.824806  117.823631  73.830666  1616755712.000000  49
-0.388592  1.601071  11.940969  75.824806  118.823631  79.830666  1616755712.000000  223
0.499960  2.827321  9.490864  69.824806  119.823631  75.830666  1616755712.000000  49
-2.424359  0.667013  9.981843  67.824806  121.823631  68.830666  1616755712.000000  49
0.897534  -0.944835  10.429711  69.824806  111.823631  70.830666  1616755712.000000  49
0.655637  1.153202  9.392668  66.824806  113.823631  70.830666  1616755712.000000  49
0.832868  0.173639  13.440250  64.824806  116.823631  70.830666  1616755712.000000  49
-0.280816  0.456251  11.066787  70.824806  115.823631  -129.169342  1616755712.000000  49
-0.977767  -0.094603  7.993977  68.824806  32634.824219  -1.169336  1616755712.000000  49
-0.067659  1.143622  12.094250  66.824806  112.823631  70.830666  1616755712.000000  49
-1.947750  0.365240  9.069340  66.824806  114.823631  72.830666  1616755712.000000  50
1.172961  0.937650  11.296708  66.824806  114.823631  72.830666  1616755712.000000  49
-1.428030  0.039518  9.112451  46.824806  108.823631  59.830666  1616755712.000000  49
-0.975372  0.952020  8.398735  46.824806  106.823631  65.830666  1616755712.000000  306
1.338217  0.324525  13.138478  41.824806  -1.176367  -1.169336  1616755712.000000  49
-1.650767  0.765209  9.660910  37.824806  107.823631  64.830666  1616755712.000000  49
-1.099913  1.589095  9.256152  -239.175201  -1.176367  -1.169336  1616755712.000000  49
0.428110  0.286205  9.062155  31.824804  112.823631  58.830666  1616755712.000000  49
-0.886756  -0.082628  11.191327  27.824804  109.823631  59.830666  1616755712.000000  49
-1.226849  1.031056  11.507470  32.824806  109.823631  66.830666  1616755712.000000  49
-1.066382  1.110092  10.309960  33.824806  -136.176361  -1.169336  1616755712.000000  49
-0.570613  0.473016  10.896740  28.824804  110.823631  64.830666  1616755712.000000  49
1.333427  -0.506547  9.945917  22.824804  112.823631  58.830666  1616755712.000000  49
-1.444795  -0.844244  9.196277  29.824804  113.823631  72.830666  1616755712.000000  57
-1.384920  -0.077838  8.844209  26.824804  -1.176367  -1.169336  1616755712.000000  49
0.004191  0.101788  8.844209  25.824804  115.823631  66.830666  1616755712.000000  49
0.578996  -0.178429  10.053693  25.824804  115.823631  66.830666  1616755712.000000  49
-1.372945  0.475411  9.821377  15.824804  118.823631  64.830666  1616755712.000000  49
-0.690364  1.373544  10.288405  16.824804  121.823631  69.830666  1616755712.000000  148
0.516725  1.344803  11.517050  13.824804  120.823631  66.830666  1616755712.000000  49
-2.536924  0.240699  6.183342  13.824804  120.823631  66.830666  1616755712.000000  49
0.590971  0.171244  11.406879  14.824804  127.823631  69.830666  1616755712.000000  49
-1.660347  0.556842  7.912546  16.824804  128.823639  71.830666  1616755712.000000  174
-0.630489  0.753234  8.992700  13.824804  128.823639  71.830666  1616755712.000000  49
-0.812510  0.355660  8.144863  10.824804  132.823639  72.830666  1616755712.000000  49
0.744252  0.674198  9.023835  7.824805  134.823639  66.830666  1616755712.000000  49
-1.519041  0.968785  11.830798  9.824804  137.823639  71.830666  1616755712.000000  49
0.210163  1.093326  10.999726  6543.824707  -244.176361  -1.169336  1616755712.000000  49
0.222138  0.365240  11.893068  8.824804  136.823639  74.830666  1616755712.000000  49
-1.255589  0.944835  11.200908  10.824804  137.823639  74.830666  1616755712.000000  49
-0.747845  2.096840  9.969868  8.824804  139.823639  77.830666  1616755712.000000  49
0.430505  0.365240  10.142309  2.824805  141.823639  72.830666  1616755712.000000  58
-1.514251  -0.305365  9.821377  7.824805  144.823639  77.830666  1616755712.000000  49
-1.006507  -0.199984  9.095685  10.824804  147.823639  83.830666  1616755712.000000  49
-0.151485  0.374821  10.551857  9.824804  148.823639  32576.830078  1616755712.000000  49
0.693957  -0.092208  10.915900  11.824804  148.823639  -150.169342  1616755712.000000  49
-0.422122  -0.137714  9.184301  7.824805  153.823639  76.830666  1616755712.000000  49
-1.037642  -0.108973  9.636960  10.824804  154.823639  81.830666  1616755712.000000  49
0.250878  0.365240  10.817704  13.824804  154.823639  84.830666  1616755712.000000  49
-1.066382  0.465831  12.683425  13.824804  154.823639  -129.169342  1616755712.000000  49
-1.023272  0.750839  10.032138  17.824804  156.823639  90.830666  1616755712.000000  49
-0.062869  -0.022753  8.513696  15.824804  155.823639  86.830666  1616755712.000000  49
-0.386197  -1.026266  10.688374  15.824804  159.823639  88.830666  1616755712.000000  49
-1.202899  0.453856  8.381969  18.824804  161.823639  90.830666  1616755712.000000  54
0.471220  0.403561  10.959011  14.824804  160.823639  88.830666  1616755712.000000  49
-0.460443  0.044308  9.902807  18.824804  159.823639  88.830666  1616755712.000000  49
0.179028  -0.789159  11.018887  18.824804  159.823639  89.830666  1616755712.000000  49
-0.800535  -0.667013  8.374784  19.824804  159.823639  86.830666  1616755712.000000  49
-0.719105  -0.631088  10.087223  21.824804  160.823639  86.830666  1616755712.000000  49
-1.614842  0.001198  9.081315  19.824804  158.823639  87.830666  1616755712.000000  49
0.119152  1.124462  10.841655  20.824804  157.823639  85.830666  1616755712.000000  52
-0.390987  1.313668  10.338700  22.824804  158.823639  86.830666  1616755712.000000  49
-0.872386  0.904120  9.811796  22.824804  157.823639  85.830666  1616755712.000000  49
-0.649649  0.180824  9.318422  22.824804  156.823639  85.830666  1616755712.000000  49
-0.393382  -0.839454  8.140073  26.824804  158.823639  87.830666  1616755712.000000  49
-1.284329  -0.073048  9.426198  20.824804  157.823639  76.830666  1616755712.000000  49
2.097438  -0.015568  11.962523  20.824804  157.823639  76.830666  1616755712.000000  59
-0.987347  -0.274230  9.821377  18.824804  157.823639  75.830666  1616755712.000000  51
2.490222  0.760419  15.715519  -247.175201  -1.176367  -1.169336  1616755712.000000  172
-0.357457  -0.580792  10.015373  16.824804  154.823639  72.830666  1616755712.000000  51
0.018561  0.887355  10.805729  18.824804  153.823639  78.830666  1616755712.000000  49
1.120270  0.063468  13.971945  23.824804  150.823639  80.830666  1616755712.000000  49
-0.067659  -1.157992  10.978170  20.824804  150.823639  79.830666  1616755712.000000  49
-0.223336  0.171244  8.868158  17.824804  149.823639  68.830666  1616755712.000000  49
1.589694  -0.290995  13.052258  17.824804  149.823639  68.830666  1616755712.000000  49
-1.289119  0.171244  8.367599  -1.175195  -1.176367  -1.169336  1616755712.000000  49
1.994452  0.214354  11.040442  20.824804  144.823639  68.830666  1616755712.000000  205
-1.183738  1.620231  8.884924  26.824804  140.823639  76.830666  1616755712.000000  49
0.044907  -0.530497  9.632170  21.824804  142.823639  69.830666  1616755712.000000  49
-1.334625  -0.262255  9.181906  21.824804  142.823639  72.830666  1616755712.000000  49
0.200583  0.791554  10.731483  19.824804  141.823639  70.830666  1616755712.000000  54
0.523911  0.216749  9.799821  21.824804  143.823639  71.830666  1616755712.000000  50
0.071252  1.155597  10.875185  22.824804  139.823639  71.830666  1616755712.000000  49
-1.035247  0.147294  8.135283  20.824804  141.823639  72.830666  1616755712.000000  49
-1.375340  0.458646  9.042995  22.824804  143.823639  72.830666  1616755712.000000  49
-1.837579  -0.094603  9.596245  24.824804  140.823639  75.830666  1616755712.000000  49
-0.767005  1.021476  9.258547  24.824804  140.823639  323.830658  1616755712.000000  49
-1.811234  -0.123344  8.930429  22.824804  32639.824219  -1.169336  1616755712.000000  49
-1.226849  1.107697  10.017768  25.824804  147.823639  80.830666  1616755712.000000  182
-1.265169  1.239423  9.687255  25.824804  147.823639  80.830666  1616755712.000000  49
-2.165696  0.317340  9.464519  24.824804  147.823639  74.830666  1616755712.000000  49
-1.480721  -0.037123  8.401130  -129.175201  -1.176367  -1.169336  1616755712.000000  185
-0.264051  -0.003593  9.957892  23.824804  149.823639  -129.169342  1616755712.000000  49
-0.038919  0.188009  9.636960  21.824804  150.823639  78.830666  1616755712.000000  49
0.068857  0.080233  9.078920  21.824804  148.823639  -184.169342  1616755712.000000  49
0.373024  -0.101788  10.786570  21.824804  151.823639  80.830666  1616755712.000000  49
-0.060474  -0.681383  9.445358  19.824804  151.823639  75.830666  1616755712.000000  49
-0.493973  -0.396376  10.652448  24.824804  154.823639  79.830666  1616755712.000000  49
0.121547  0.211959  11.790082  25.824804  155.823639  87.830666  1616755712.000000  49
-0.422122  0.264650  10.417736  22.824804  151.823639  85.830666  1616755712.000000  49
-1.435215  -0.990341  8.338860  24.824804  155.823639  86.830666  1616755712.000000  49
-0.129930  -0.707728  7.799980  20.824804  153.823639  81.830666  1616755712.000000  49
-1.605262  -0.758024  8.698112  26.824804  10648.823242  12154.831055  1616755712.000000  49
0.186213  1.167572  10.939851  27.824804  157.823639  17466.830078  1616755712.000000  49
-0.604144  0.518522  10.015373  27.824804  153.823639  90.830666  1616755712.000000  49
-0.606539  -0.152084  8.978330  23.824804  154.823639  85.830666  1616755712.000000  49
-0.117955  0.135319  11.050021  23.824804  157.823639  86.830666  1616755712.000000  49
0.104782  0.389191  12.276272  25606.824219  -17.176367  -1.169336  1616755712.000000  49
-0.963397  0.518522  10.101594  25.824804  -1.176367  -1.169336  1616755712.000000  49
-0.491578  0.243094  8.314909  31.824804  157.823639  93.830666  1616755712.000000  49
1.343007  -0.022753  10.932666  27.824804  157.823639  94.830666  1616755712.000000  49
1.376537  -0.022753  10.482402  25.824804  157.823639  91.830666  1616755712.000000  49
-2.678231  0.947230  8.587941  34.824806  -607.176392  -151.169342  1616755712.000000  49
-0.235311  0.456251  10.336306  30.824804  162.823639  97.830666  1616755712.000000  49
-1.832789  1.687291  7.919731  32.824806  163.823639  99.830666  1616755712.000000  49
-0.218546  0.544867  10.755434  32.824806  159.823639  96.830666  1616755712.000000  49
-1.296304  1.167572  9.464519  28.824804  163.823639  88.830666  1616755712.000000  49
0.569416  -0.777184  10.022558  33.824806  163.823639  95.830666  1616755712.000000  49
-0.800535  -0.750839  9.289682  36.824806  161.823639  95.830666  1616755712.000000  49
-0.776585  -0.657433  10.314751  39.824806  16386.824219  -113.169334  1616755712.000000  49
-0.855621  2.041754  10.475217  38.824806  164.823639  104.830666  1616755712.000000  49
0.957409  -2.214195  10.856025  33.824806  162.823639  97.830666  1616755712.000000  49
-0.589774  0.063468  10.103989  38.824806  166.823639  99.830666  1616755712.000000  49
-1.063987  0.389191  9.646540  39.824806  165.823639  101.830666  1616755712.000000  49
-0.113165  -0.264650  11.349399  40.824806  162.823639  100.830666  1616755712.000000  49
-0.489183  0.973575  9.926757  40.824806  163.823639  102.830666  1616755712.000000  49
-1.545386  0.214354  7.289841  35.824806  164.823639  93.830666  1616755712.000000  49
-0.285606  0.274230  9.459728  38.824806  -1.176367  -1.169336  1616755712.000000  49
-0.022154  0.638273  9.234596  38.824806  163.823639  95.830666  1616755712.000000  49
-2.809957  2.647694  8.379575  41.824806  163.823639  103.830666  1616755712.000000  49
1.086740  -1.332828  11.502680  35.824806  164.823639  102.830666  1616755712.000000  49
-0.321531  1.134042  11.162587  40.824806  161.823639  99.830666  1616755712.000000  49
0.914299  0.750839  11.682306  35.824806  163.823639  94.830666  1616755712.000000  49
-3.439847  1.304088  4.691245  40.824806  163.823639  95.830666  1616755712.000000  49
0.368234  -0.465831  12.218791  41.824806  161.823639  102.830666  1616755712.000000  49
0.689167  -0.985551  12.319382  41.824806  161.823639  102.830666  1616755712.000000  49
0.265248  -0.640668  9.648935  40.824806  162.823639  101.830666  1616755712.000000  49
-0.350272  0.561632  10.365046  38.824806  164.823639  102.830666  1616755712.000000  49
-1.358575  1.387914  6.324648  35.824806  163.823639  95.830666  1616755712.000000  49
-3.576363  2.187850  6.633605  43.824806  166.823639  108.830666  1616755712.000000  49
0.157473  -0.156874  10.096804  37.824806  166.823639  103.830666  1616755712.000000  49
0.428110  0.231119  12.084670  40.824806  161.823639  99.830666  1616755712.000000  49
0.370629  0.017963  10.990146  40.824806  162.823639  101.830666  1616755712.000000  49
0.253273  -0.396376  10.245295  37.824806  165.823639  103.830666  1616755712.000000  49
-0.819695  1.143622  6.722221  36.824806  166.823639  97.830666  1616755712.000000  49
-3.037483  1.292113  5.630092  40.824806  164.823639  103.830666  1616755712.000000  49
-2.081871  0.317340  8.769962  39.824806  166.823639  102.830666  1616755712.000000  49
-0.321531  0.128134  9.737551  42.824806  165.823639  103.830666  1616755712.000000  49
0.909509  -0.029938  11.641591  39.824806  168.823639  92.830666  1616755712.000000  49
-1.463956  1.541195  10.266850  46.824806  168.823639  107.830666  1616755712.000000  49
-0.898731  -0.305365  8.904084  45.824806  166.823639  101.830666  1616755712.000000  49
0.698747  0.247885  10.640473  41.824806  168.823639  102.830666  1616755712.000000  49
-0.132325  0.736468  8.746013  43.824806  168.823639  104.830666  1616755712.000000  49
-0.649649  0.108973  9.102871  44.824806  167.823639  101.830666  1616755712.000000  49
-1.499881  0.044308  9.098081  44.824806  166.823639  100.830666  1616755712.000000  49
-1.610052  1.404679  8.255033  48.824806  170.823639  102.830666  1616755712.000000  49
-0.309556  0.652643  10.223740  45.824806  175.823639  -142.169342  1616755712.000000  49
-0.448467  0.700543  9.660910  47.824806  168.823639  103.830666  1616755712.000000  49
0.490380  -0.240699  11.509865  41.824806  171.823639  -1.169336  1616755712.000000  49
-1.933380  2.108815  8.322094  49.824806  162.823639  101.830666  1616755712.000000  49
0.552651  0.245490  12.163706  47.824806  168.823639  101.830666  1616755712.000000  49
-0.714315  0.995131  9.284892  48.824806  172.823639  99.830666  1616755712.000000  49
2.054328  -0.183219  13.730048  50.824806  167.823639  99.830666  1616755712.000000  49
-1.310674  -0.784369  7.330556  48.824806  167.823639  98.830666  1616755712.000000  49
-1.471141  -0.444276  8.094567  48.824806  170.823639  99.830666  1616755712.000000  49
-0.077239  -0.022753  11.991264  50.824806  169.823639  96.830666  1616755712.000000  49
-0.738265  0.944835  9.804611  49.824806  -232.176361  -1.169336  1616755712.000000  49
1.869912  -0.353265  13.138478  52.824806  174.823639  103.830666  1616755712.000000  49
0.028141  0.875380  11.313474  56.824806  173.823639  100.830666  1616755712.000000  49
-0.881966  -0.111368  10.010583  55.824806  172.823639  99.830666  1616755712.000000  49
-0.465233  -0.647853  8.693322  58.824806  171.823639  -158.169342  1616755712.000000  49
-0.328716  0.566422  9.883647  62.824806  173.823639  98.830666  1616755712.000000  49
-1.095123  1.059796  10.015373  62.824806  173.823639  98.830666  1616755712.000000  49
0.061672  0.233514  11.234438  64.824806  169.823639  95.830666  1616755712.000000  49
-1.277144  0.772394  9.586664  64.824806  169.823639  95.830666  1616755712.000000  142
-1.083148  0.956810  8.949589  68.824806  173.823639  99.830666  1616755712.000000  49
-1.947750  1.016686  9.704021  71.824806  171.823639  97.830666  1616755712.000000  49
-0.987347  0.966390  11.198513  69.824806  168.823639  98.830666  1616755712.000000  49
-1.617237  0.952020  10.096804  70.824806  -1.176367  -1.169336  1616755712.000000  49
-1.073568  1.019081  9.763896  70.824806  -90.176369  -1.169336  1616755712.000000  49
0.950224  0.437091  12.475058  71.824806  164.823639  91.830666  1616755712.000000  49
0.310754  0.262255  11.471545  74.824806  161.823639  93.830666  1616755712.000000  49
-1.468746  0.492177  8.535251  75.824806  162.823639  89.830666  1616755712.000000  49
-0.661624  -0.116158  10.214160  80.824806  161.823639  93.830666  1616755712.000000  49
-0.963397  0.401166  7.222780  79.824806  158.823639  86.830666  1616755712.000000  49
-0.441282  0.192799  10.381811  81.824806  157.823639  -168.169342  1616755712.000000  49
-1.487906  0.837059  11.054811  82.824806  8078.823730  -1.169336  1616755712.000000  49
-0.675994  0.228724  9.134006  82.824806  155.823639  16447.830078  1616755712.000000  49
-0.525108  -0.492177  10.513537  78.824806  157.823639  87.830666  1616755712.000000  49
-0.340692  -0.250280  10.858419  80.824806  158.823639  91.830666  1616755712.000000  139
-1.262774  0.542472  7.713759  80.824806  158.823639  91.830666  1616755712.000000  49
-1.087938  -0.274230  10.209370  83.824806  -1.176367  -1.169336  1616755712.000000  49
0.416135  0.810714  12.108620  79.824806  156.823639  89.830666  1616755712.000000  97
-0.355062  0.959205  8.968749  76.824806  158.823639  80.830666  1616755712.000000  49
-0.192200  0.058678  9.117241  74.824806  153.823639  80.830666  1616755712.000000  49
0.892744  -0.774789  14.127622  -1.175195  -1.176367  -1.169336  1616755712.000000  49
-0.089214  0.362845  10.760224  -0.175195  -0.176367  -0.169336  1616755712.000000  50
-0.527503  0.410746  8.971145  -0.175195  -0.176367  -0.169336  1616755712.000000  52
0.545466  -0.192799  11.593691  -0.175195  -0.176367  -0.169336  1616755712.000000  58
-0.036524  0.609532  10.333911  -0.175195  -0.176367  -0.169336  1616755712.000000  49
-2.089056  -0.286205  8.707692  -0.175195  -0.176367  -0.169336  1616755712.000000  49
1.891467  0.041913  11.121872  -0.175195  -0.176367  -0.169336  1616755712.000000  49
0.258063  -0.410746  11.105106  -24832.175781  -1.176367  -1.169336  1616755712.000000  49
0.626896  1.505270  11.193723  -0.175195  -0.176367  -0.169336  1616755712.000000  66
0.047302  -0.643063  8.808283  -0.175195  -0.176367  -0.169336  1616755712.000000  50
0.483195  -0.944835  9.696836  -0.175195  -0.176367  -0.169336  1616755712.000000  49
-1.418450  -0.089813  9.833351  -0.175195  -129.176361  -1.169336  1616755712.000000  49
-0.929866  0.537682  9.474098  -0.175195  -0.176367  -0.169336  1616755712.000000  49
-0.735870  -0.087418  8.523275  -0.175195  -0.176367  -0.169336  1616755712.000000  67
-0.477208  0.686173  10.082434  255.824799  -1.176367  -1.169336  1616755712.000000  49
0.643661  -0.310155  8.611892  -0.175195  -0.176367  -0.169336  1616755712.000000  49
-0.896336  -0.130529  9.562715  -0.175195  -0.176367  -129.169342  1616755712.000000  67
-0.745450  0.439486  8.875343  -0.175195  -0.176367  -0.169336  1616755712.000000  51
0.226928  -0.626298  10.012978  -0.175195  -0.176367  -0.169336  1616755712.000000  53
-1.042432  -0.219144  9.866881  -0.175195  -0.176367  -0.169336  1616755712.000000  65
-1.121468  0.748444  9.617800  32511.824219  -1.176367  -1.169336  1616755712.000000  49
0.701142  0.664618  10.896740  -0.175195  -0.176367  -0.169336  1616755712.000000  49
-1.887874  0.597557  9.263337  -0.175195  -0.176367  -256.169342  1616755712.000000  49
2.981200  -0.343685  13.157639  -0.175195  -0.176367  -0.169336  1616755712.000000  49
-0.659229  -0.049098  10.312355  -0.175195  -129.176361  -1.169336  1616755712.000000  67
-0.185015  0.089813  10.817704  -0.175195  -0.176367  -0.169336  1616755712.000000  49
-0.927471  -0.053888  10.408156  -0.175195  -0.176367  -0.169336  1616755712.000000  49
-0.774190  0.099393  6.576125  -0.175195  -0.176367  -0.169336  1616755712.000000  67
-0.721500  0.480201  10.829679  -0.175195  -0.176367  -0.169336  1616755712.000000  51
-1.344205  0.374821  9.840536  -0.175195  -0.176367  -0.169336  1616755712.000000  79
-0.496368  -0.132924  11.567346  -0.175195  -0.176367  -0.169336  1616755712.000000  49
-1.784888  0.822689  8.070617  -0.175195  -0.176367  -0.169336  1616755712.000000  49
0.418530  1.301693  10.453662  -0.175195  -0.176367  -0.169336  1616755712.000000  50
-1.408870  0.511337  10.738668  -0.175195  32511.824219  -1.169336  1616755712.000000  51
-2.874622  1.059796  5.759423  -0.175195  -256.176361  -1.169336  1616755712.000000  68
0.085622  0.508942  13.500126  -0.175195  16127.823242  -1.169336  1616755712.000000  54
-2.127376  0.705333  8.772358  -0.175195  -0.176367  -256.169342  1616755712.000000  49
0.346679  0.616718  9.174721  -0.175195  -0.176367  -0.169336  1616755712.000000  49
-3.423082  -0.961600  7.138955  -0.175195  -0.176367  -0.169336  1616755712.000000  49
-1.940565  1.783092  7.268286  -0.175195  -0.176367  -0.169336  1616755712.000000  49
2.528542  -0.231119  13.212724  -0.175195  -0.176367  -0.169336  1616755712.000000  49
1.144221  0.099393  12.807965  -0.175195  -0.176367  -0.169336  1616755712.000000  49
-0.577798  0.631088  9.694440  -0.175195  -129.176361  -1.169336  1616755712.000000  49
0.303569  0.504152  10.288405  -9904.174805  -244.176361  -1.169336  1616755712.000000  282
-0.434097  1.665736  9.145981  -0.175195  -129.176361  -1.169336  1616755712.000000  49
1.685495  -0.192799  9.529184  -0.175195  -0.176367  -0.169336  1616755712.000000  49
-1.643582  -0.382006  8.458611  -0.175195  -0.176367  -0.169336  1616755712.000000  49
-0.141905  -0.056283  11.311078  -0.175195  -0.176367  -2477.169434  1616755712.000000  49
0.399370  -0.106578  9.059760  -0.175195  -0.176367  -256.169342  1616755712.000000  49
0.373024  0.396376  11.097921  -0.175195  -0.176367  -0.169336  1616755712.000000  49
-1.147813  0.595162  9.335187  -0.175195  -0.176367  -0.169336  1616755712.000000  49
-0.807720  1.019081  10.719509  -0.175195  -0.176367  -0.169336  1616755712.000000  49
-1.353785  0.441881  10.336306  -0.175195  -0.176367  -0.169336  1616755712.000000  49
-0.108375  -0.671803  8.896899  -0.175195  -0.176367  -0.169336  1616755712.000000  49
0.222138  -0.022753  10.036928  -0.175195  -0.176367  -0.169336  1616755712.000000  49
-0.333506  -0.247885  10.532697  -0.175195  -0.176367  -0.169336  1616755712.000000  49
-1.456771  0.439486  10.863210  -255.175201  -1.176367  254.830658  1616755712.000000  49
1.232836  0.940045  9.407038  -0.175195  -0.176367  -0.169336  1616755712.000000  49
0.504750  0.279020  11.517050  -0.175195  -0.176367  -0.169336  1616755712.000000  65
-0.632884  0.034728  8.963960  -0.175195  -0.176367  -0.169336  1616755712.000000  66
-1.727408  0.025148  9.905202  -0.175195  -0.176367  -0.169336  1616755712.000000  49
0.291594  -1.134042  8.360415  -0.175195  -0.176367  -0.169336  1616755712.000000  49
-0.690364  -0.389191  8.496930  -0.175195  -0.176367  -0.169336  1616755712.000000  49
-1.226849  0.137714  9.040600  -0.175195  18431.824219  153.830658  1616755712.000000  51
-1.411265  -0.113763  7.371271  -0.175195  -0.176367  -0.169336  1616755712.000000  49
-1.078358  -0.168849  8.923244  -0.175195  -0.176367  -0.169336  1616755712.000000  49
0.856818  0.441881  12.300221  -0.175195  -0.176367  -0.169336  1616755712.000000  49
-3.748804  0.724493  5.182223  -0.175195  -0.176367  -0.169336  1616755712.000000  69
-1.075963  0.552052  9.771081  -0.175195  -0.176367  -0.169336  1616755712.000000  49
0.538281  0.528102  12.031980  -0.175195  -0.176367  -0.169336  1616755712.000000  49
0.614921  0.480201  11.138638  -0.175195  -0.176367  -0.169336  1616755712.000000  49
-0.029339  0.767604  10.333911  -0.175195  -0.176367  -0.169336  1616755712.000000  49
0.418530  -0.769999  11.514655  -0.175195  -0.176367  -0.169336  1616755712.000000  49
0.497565  -0.314945  8.482560  -0.175195  -0.176367  -0.169336  1616755712.000000  49
-0.240101  -0.295785  9.945917  -0.175195  -0.176367  -0.169336  1616755712.000000  49
-0.668809  0.360450  10.535092  -0.175195  -0.176367  -0.169336  1616755712.000000  49
-0.946631  0.247885  9.584270  -0.175195  -0.176367  -0.169336  1616755712.000000  49
-0.094005  -0.003593  10.017768  -0.175195  -0.176367  -0.169336  1616755712.000000  59
0.195793  0.480201  9.636960  -0.175195  -0.176367  -0.169336  1616755712.000000  49
-0.592169  0.161664  9.622590  -0.175195  -0.176367  -0.169336  1616755712.000000  49
-0.223336  0.120948  10.262060  -0.175195  -0.176367  -0.169336  1616755712.000000  49
0.226928  -0.401166  9.787846  -0.175195  -0.176367  -0.169336  1616755712.000000  49
-0.493973  0.746049  9.579479  -0.175195  -0.176367  -0.169336  1616755712.000000  49
-0.707130  0.274230  9.426198  -0.175195  -0.176367  -0.169336  1616755712.000000  49
0.080832  0.532892  11.014096  -0.175195  -0.176367  -0.169336  1616755712.000000  49
-0.810115  1.340013  10.563832  -0.175195  -0.176367  -0.169336  1616755712.000000  49
-1.164578  0.662223  9.009464  -0.175195  -0.176367  -0.169336  1616755712.000000  49
-1.636397  0.772394  8.267009  -0.175195  -0.176367  -0.169336  1616755712.000000  49
-1.303489  -0.769999  9.404643  -0.175195  -0.176367  4095.830566  1616755712.000000  49
2.159709  1.399889  11.509865  -0.175195  -0.176367  -0.169336  1616755712.000000  49
-0.498763  0.628693  8.786728  -0.175195  -0.176367  -0.169336  1616755712.000000  49
-1.428030  0.302970  7.914941  -0.175195  -0.176367  -0.169336  1616755712.000000  49
-0.747845  -0.240699  8.331675  -0.175195  -0.176367  -0.169336  1616755712.000000  49
-0.089214  0.080233  8.942404  -0.175195  -0.176367  -0.169336  1616755712.000000  49
1.079555  0.451461  12.048744  -0.175195  -0.176367  -0.169336  1616755712.000000  49
1.486708  0.199984  12.910952  -0.175195  -0.176367  -0.169336  1616755712.000000  49
-0.671204  -0.513732  8.738828  -0.175195  -0.176367  -1.169336  1616755712.000000  49
0.487985  -0.379611  10.360256  -0.175195  -0.176367  -0.169336  1616755712.000000  49
0.210163  0.669408  10.683583  -0.175195  -0.176367  -0.169336  1616755712.000000  49
0.289199  0.037123  10.115964  -0.175195  -0.176367  -0.169336  1616755712.000000  49
-1.284329  0.379611  9.114845  -0.175195  -0.176367  -0.169336  1616755712.000000  49
-0.048499  -0.250280  10.010583  -0.175195  -0.176367  -0.169336  1616755712.000000  49
1.101110  -0.245490  11.629616  -0.175195  -0.176367  -0.169336  1616755712.000000  50
1.453178  -0.408351  12.020004  -0.175195  -0.176367  -0.169336  1616755712.000000  66
-0.472418  -0.049098  9.464519  -0.175195  -0.176367  -0.169336  1616755712.000000  49
-0.460443  -0.322130  9.145981  -0.175195  -0.176367  -0.169336  1616755712.000000  49
-1.140628  -0.523312  8.350834  -0.175195  -0.176367  -0.169336  1616755712.000000  49
-0.374222  -0.283810  8.817863  -0.175195  -0.176367  -0.169336  1616755712.000000  49
-0.858016  0.022753  9.397458  -0.175195  -0.176367  -0.169336  1616755712.000000  49
-0.755030  0.264650  9.778266  -0.175195  -0.176367  -0.169336  1616755712.000000  49
-0.678389  0.370031  9.098081  -0.175195  -0.176367  -0.169336  1616755712.000000  49
-1.610052  -0.144899  6.693481  -0.175195  -0.176367  -0.169336  1616755712.000000  49
-1.095123  0.434696  10.264455  -0.175195  -0.176367  -0.169336  1616755712.000000  49
-0.458047  0.420326  7.893385  -0.175195  -0.176367  -0.169336  1616755712.000000  49
-0.606539  -1.021476  8.791518  -0.175195  -0.176367  -0.169336  1616755712.000000  49
-0.735870  -0.149689  10.111174  -0.175195  -0.176367  -0.169336  1616755712.000000  49
-0.319136  1.129252  10.676398  -0.175195  -0.176367  -0.169336  1616755712.000000  49
-0.608934  0.087418  9.526789  -0.175195  -0.176367  -0.169336  1616755712.000000  49
-0.261656  -0.765209  8.707692  -0.175195  -0.176367  -0.169336  1616755712.000000  49
-0.666414  0.116158  9.138796  -0.175195  -0.176367  -0.169336  1616755712.000000  49
-0.141905  0.743654  9.366323  -0.175195  -0.176367  -0.169336  1616755712.000000  49
0.466430  -0.197589  10.424921  -0.175195  -0.176367  -0.169336  1616755712.000000  49
